inches	dec. inches	#1 scale inches	#1 scale feet	wire gage		inches	dec. inches	#1 scale inches	#1 scale feet	wire gage
	0.0005	0.02	0.00133				0.32	10.24	0.85333	
	0.002	0.06	0.00533			21/64"	0.32813	10.50	0.87500	0 ga
	0.004	0.13	0.01067				0.33	10.56	0.88000	
	0.005	0.16	0.01333	36 ga			0.34	10.88	0.90667	
	0.00625	0.20	0.01667	34 ga		11/32"	0.34375	11.00	0.91667	00 ga
	0.0075	0.24	0.02000	33 ga			0.35	11.20	0.93333	
	0.009	0.29	0.02400	31 ga		23/64"	0.35938	11.50	0.95833	
	0.01	0.32	0.02667	30 ga			0.36	11.52	0.96000	
	0.0125	0.40	0.03333	28 ga			0.37	11.84	0.98667	
	0.015	0.48	0.04000	27 ga		3/8"	0.375	12.00	1.00000	000 ga
1/64"	0.015625	0.50	0.04167	26 ga			0.38	12.16	1.01333	
	0.02	0.64	0.05333	24 ga			0.39	12.48	1.04000	
	0.025	0.80	0.06667	22 ga		25/64"	0.39063	12.50	1.04167	
	0.03	0.96	0.08000	21 ga			0.4	12.80	1.06667	
1/32"	0.03125	1.00	0.08333	20 ga		13/32"	0.40625	13.00	1.08333	0000 ga
	0.035	1.12	0.09333	19 ga			0.41	13.12	1.09333	
	0.0375	1.20	0.10000	19 ga			0.42	13.44	1.12000	
	0.04	1.28	0.10667	18 ga		27/64"	0.42188	13.50	1.12500	
3/64"	0.046875	1.50	0.12500	17 ga			0.43	13.76	1.14667	
	0.05	1.60	0.13333	16 ga		7/16"	0.4375	14.00	1.16667	00000 ga
	0.06	1.92	0.16000	15 ga			0.44	14.08	1.17333	
1/16"	0.0625	2.00	0.16667	14 ga			0.45	14.40	1.20000	
	0.07	2.24	0.18667	13 ga		29/64"	0.45313	14.50	1.20833	
5/64"	0.078125	2.50	0.20833				0.46	14.72	1.22667	
	0.08	2.56	0.21333	12 ga		15/32"	0.46875	15.00	1.25000	000000 ga
	0.09	2.88	0.24000	11 ga			0.47	15.04	1.25333	
3/32"	0.09375	3.00	0.25000				0.48	15.36	1.28000	
	0.1	3.20	0.26667	10 ga		31/64"	0.48438	15.50	1.29167	
7/64"	0.109375	3.50	0.29167				0.49	15.68	1.30667	
	0.11	3.52	0.29333	9 ga		1/2"	0.5	16.00	1.33333	0000000 ga
	0.12	3.84	0.32000				0.51	16.32	1.36000	
1/8"	0.125	4.00	0.33333	8 ga		33/64"	0.51563	16.50	1.37500	
	0.13	4.16	0.34667				0.52	16.64	1.38667	
	0.14	4.48	0.37333				0.53	16.96	1.41333	
9/64"	0.140625	4.50	0.37500	7 ga		17/32"	0.53125	17.00	1.41667	
	0.15	4.80	0.40000				0.54	17.28	1.44000	
5/32"	0.15625	5.00	0.41667			35/64"	0.54688	17.50	1.45833	
	0.16	5.12	0.42667	6 ga			0.55	17.60	1.46667	
	0.17	5.44	0.45333				0.56	17.92	1.49333	
11/64"	0.171875	5.50	0.45833			9/16"	0.5625	18.00	1.50000	
	0.18	5.76	0.48000	5 ga			0.57	18.24	1.52000	
3/16"	0.1875	6.00	0.50000			37/64"	0.57813	18.50	1.54167	
	0.19	6.08	0.50667				0.58	18.56	1.54667	
	0.2	6.40	0.53333				0.59	18.88	1.57333	
13/64"	0.203125	6.50	0.54167	4 ga		19/32"	0.59375	19.00	1.58333	
	0.21	6.72	0.56000				0.6	19.20	1.60000	
7/32"	0.21875	7.00	0.58333			39/64"	0.60938	19.50	1.62500	
	0.22	7.04	0.58667	3 ga			0.61	19.52	1.62667	
	0.23	7.36	0.61333				0.62	19.84	1.65333	
15/64"	0.234375	7.50	0.62500			5/8"	0.625	20.00	1.66667	
	0.24	7.68	0.64000				0.63	20.16	1.68000	
1/4"	0.25	8.00	0.66667	2 ga			0.64	20.48	1.70667	
	0.26	8.32	0.69333			41/64"	0.64063	20.50	1.70833	
17/64"	0.265625	8.50	0.70833				0.65	20.80	1.73333	
	0.27	8.64	0.72000			21/32"	0.65625	21.00	1.75000	
	0.28	8.96	0.74667				0.66	21.12	1.76000	
9/32"	0.28125	9.00	0.75000	1 ga			0.67	21.44	1.78667	
	0.29	9.28	0.77333			43/64"	0.67188	21.50	1.79167	
19/64"	0.296875	9.50	0.79167				0.68	21.76	1.81333	
	0.3	9.60	0.80000			11/16"	0.6875	22.00	1.83333	
	0.31	9.92	0.82667				0.69	22.08	1.84000	
5/16"	0.3125	10.00	0.83333				0.7	22.40	1.86667	
										
45/64"	0.703125	22.50	1.87500				0.03125	1.0	0.083	
	0.71	22.72	1.89333				0.0625	2.0	0.167	
23/32"	0.71875	23.00	1.91667				0.09375	3.0	0.250	
	0.72	23.04	1.92000				0.125	4.0	0.333	
	0.73	23.36	1.94667				0.15625	5.0	0.417	
47/64"	0.734375	23.50	1.95833				0.1875	6.0	0.500	
	0.74	23.68	1.97333				0.21875	7.0	0.583	
3/4"	0.75	24.00	2.00000				0.25	8.0	0.667	
	0.76	24.32	2.02667				0.28125	9.0	0.750	
49/64"	0.765625	24.50	2.04167				0.3125	10.0	0.833	
	0.77	24.64	2.05333				0.34375	11.0	0.917	
	0.78	24.96	2.08000				0.375	12.0	1.000	
25/32"	0.78125	25.00	2.08333				0.40625	13.0	1.083	
	0.79	25.28	2.10667				0.4375	14.0	1.167	
51/64"	0.796875	25.50	2.12500				0.46875	15.0	1.250	
	0.8	25.60	2.13333				0.5	16.0	1.333	
	0.81	25.92	2.16000				0.53125	17.0	1.417	
13/16"	0.8125	26.00	2.16667				0.5625	18.0	1.500	
	0.82	26.24	2.18667				0.59375	19.0	1.583	
53/64"	0.828125	26.50	2.20833				0.625	20.0	1.667	
	0.83	26.56	2.21333				0.65625	21.0	1.750	
	0.84	26.88	2.24000				0.6875	22.0	1.833	
27/32"	0.84375	27.00	2.25000				0.71875	23.0	1.917	
	0.85	27.20	2.26667				0.75	24.0	2.000	
55/64"	0.859375	27.50	2.29167				0.78125	25.0	2.083	
	0.86	27.52	2.29333				0.8125	26.0	2.167	
	0.87	27.84	2.32000				0.84375	27.0	2.250	
7/8"	0.875	28.00	2.33333				0.875	28.0	2.333	
	0.88	28.16	2.34667				0.90625	29.0	2.417	
	0.89	28.48	2.37333				0.9375	30.0	2.500	
57/64"	0.890625	28.50	2.37500				0.96875	31.0	2.583	
	0.9	28.80	2.40000				1	32.0	2.667	
29/32"	0.90625	29.00	2.41667				1.03125	33.0	2.750	
	0.91	29.12	2.42667				1.0625	34.0	2.833	
	0.92	29.44	2.45333				1.09375	35.0	2.917	
59/64"	0.921875	29.50	2.45833				1.125	36.0	3.000	
	0.93	29.76	2.48000				1.15625	37.0	3.083	
15/16"	0.9375	30.00	2.50000				1.1875	38.0	3.167	
	0.94	30.08	2.50667				1.21875	39.0	3.250	
	0.95	30.40	2.53333				1.25	40.0	3.333	
61/64"	0.953125	30.50	2.54167				1.28125	41.0	3.417	
	0.96	30.72	2.56000				1.3125	42.0	3.500	
31/32"	0.96875	31.00	2.58333				1.34375	43.0	3.583	
	0.97	31.04	2.58667				1.375	44.0	3.667	
	0.98	31.36	2.61333				1.40625	45.0	3.750	
63/64"	0.984375	31.50	2.62500				1.4375	46.0	3.833	
	0.99	31.68	2.64000				1.46875	47.0	3.917	
1"	1	32.00	2.66667				1.5	48.0	4.000	
	1.125	36.00	3.00000				1.53125	49.0	4.083	
1 1/4"	1.25	40.00	3.33333				1.5625	50.0	4.167	
	1.375	44.00	3.66667				1.59375	51.0	4.250	
1 1/2"	1.5	48.00	4.00000				1.625	52.0	4.333	
	1.625	52.00	4.33333				1.65625	53.0	4.417	
1 3/4"	1.75	56.00	4.66667				1.6875	54.0	4.500	
	1.875	60.00	5.00000				1.71875	55.0	4.583	
2"	2	64.00	5.33333				1.75	56.0	4.667	
	2.25	72.00	6.00000				1.78125	57.0	4.750	
2 1/2"	2.5	80.00	6.66667				1.8125	58.0	4.833	
	2.75	88.00	7.33333				1.84375	59.0	4.917	
3"	3	96.00	8.00000				1.875	60.0	5.000	
4"	4	128.00	10.66667				1.90625	61.0	5.083	
5"	5	160.00	13.33333				1.9375	62.0	5.167	
6"	6	192.00	16.00000				1.96875	63.0	5.250	
