Decimal Conversions    #1 scale													
Decimal	Scale		Decimal	Scale		Decimal	Scale	Scale		Decimal	Scale	Scale	
Measure	Inches		Measure	Inches		Measure	Inches	Feet		Measure	Inches	Feet	
0.001	0.03		0.051	1.63		0.110	3.52	0.29		0.610	19.52	1.63	
0.002	0.06		0.052	1.66		0.120	3.84	0.32		0.620	19.84	1.65	
0.003	0.10		0.053	1.70		0.130	4.16	0.35		0.630	20.16	1.68	
0.004	0.13		0.054	1.73		0.140	4.48	0.37		0.640	20.48	1.71	
0.005	0.16		0.055	1.76		0.150	4.80	0.40		0.650	20.80	1.73	
0.006	0.19		0.056	1.79		0.160	5.12	0.43		0.660	21.12	1.76	
0.007	0.22		0.057	1.82		0.170	5.44	0.45		0.670	21.44	1.79	
0.008	0.26		0.058	1.86		0.180	5.76	0.48		0.680	21.76	1.81	
0.009	0.29		0.059	1.89		0.190	6.08	0.51		0.690	22.08	1.84	
0.010	0.32		0.060	1.92		0.200	6.40	0.53		0.700	22.40	1.87	
0.011	0.35		0.061	1.95		0.210	6.72	0.56		0.710	22.72	1.89	
0.012	0.38		0.062	1.98		0.220	7.04	0.59		0.720	23.04	1.92	
0.013	0.42		0.063	2.02		0.230	7.36	0.61		0.730	23.36	1.95	
0.014	0.45		0.064	2.05		0.240	7.68	0.64		0.740	23.68	1.97	
0.015	0.48		0.065	2.08		0.250	8.00	0.67		0.750	24.00	2.00	
0.016	0.51		0.066	2.11		0.260	8.32	0.69		0.760	24.32	2.03	
0.017	0.54		0.067	2.14		0.270	8.64	0.72		0.770	24.64	2.05	
0.018	0.58		0.068	2.18		0.280	8.96	0.75		0.780	24.96	2.08	
0.019	0.61		0.069	2.21		0.290	9.28	0.77		0.790	25.28	2.11	
0.020	0.64		0.070	2.24		0.300	9.60	0.80		0.800	25.60	2.13	
0.021	0.67		0.071	2.27		0.310	9.92	0.83		0.810	25.92	2.16	
0.022	0.70		0.072	2.30		0.320	10.24	0.85		0.820	26.24	2.19	
0.023	0.74		0.073	2.34		0.330	10.56	0.88		0.830	26.56	2.21	
0.024	0.77		0.074	2.37		0.340	10.88	0.91		0.840	26.88	2.24	
0.025	0.80		0.075	2.40		0.350	11.20	0.93		0.850	27.20	2.27	
0.026	0.83		0.076	2.43		0.360	11.52	0.96		0.860	27.52	2.29	
0.027	0.86		0.077	2.46		0.370	11.84	0.99		0.870	27.84	2.32	
0.028	0.90		0.078	2.50		0.380	12.16	1.01		0.880	28.16	2.35	
0.029	0.93		0.079	2.53		0.390	12.48	1.04		0.890	28.48	2.37	
0.030	0.96		0.080	2.56		0.400	12.80	1.07		0.900	28.80	2.40	
0.031	0.99		0.081	2.59		0.410	13.12	1.09		0.910	29.12	2.43	
0.032	1.02		0.082	2.62		0.420	13.44	1.12		0.920	29.44	2.45	
0.033	1.06		0.083	2.66		0.430	13.76	1.15		0.930	29.76	2.48	
0.034	1.09		0.084	2.69		0.440	14.08	1.17		0.940	30.08	2.51	
0.035	1.12		0.085	2.72		0.450	14.40	1.20		0.950	30.40	2.53	
0.036	1.15		0.086	2.75		0.460	14.72	1.23		0.960	30.72	2.56	
0.037	1.18		0.087	2.78		0.470	15.04	1.25		0.970	31.04	2.59	
0.038	1.22		0.088	2.82		0.480	15.36	1.28		0.980	31.36	2.61	
0.039	1.25		0.089	2.85		0.490	15.68	1.31		0.990	31.68	2.64	
0.040	1.28		0.090	2.88		0.500	16.00	1.33		1.000	32.00	2.67	
0.041	1.31		0.091	2.91		0.510	16.32	1.36		2.000	64.00	5.33	
0.042	1.34		0.092	2.94		0.520	16.64	1.39		3.000	96.00	8.00	
0.043	1.38		0.093	2.98		0.530	16.96	1.41		4.000	128.00	10.67	
0.044	1.41		0.094	3.01		0.540	17.28	1.44		5.000	160.00	13.33	
0.045	1.44		0.095	3.04		0.550	17.60	1.47		6.000	192.00	16.00	
0.046	1.47		0.096	3.07		0.560	17.92	1.49		7.000	224.00	18.67	
0.047	1.50		0.097	3.10		0.570	18.24	1.52		8.000	256.00	21.33	
0.048	1.54		0.098	3.14		0.580	18.56	1.55		9.000	288.00	24.00	
0.049	1.57		0.099	3.17		0.590	18.88	1.57		10.000	320.00	26.67	
0.050	1.60		0.100	3.20		0.600	19.20	1.60		12.000	384.00	32.00	