Special Shapes Co. Brass Shape Conversions                                                                                                                  "© blanchard design, 1997"

            Square Bars                                                                                                 
                                                                        Scale Inches                                                
                                    220         160         87.1        64          48          32          22.5        20.3
Code        Descr.      actual in.  Z           N           HO          S           O           #1          Gnm         Gn3
S-1         Ht, Width   0.0313      6.875       5           2.72188     2           1.5         1           0.70313     0.63438
            Length      30          6600        4800        2613        1920        1440        960         675         609

S-1X        Ht, Width   0.0469      10.3125     7.5         4.08281     3           2.25        1.5         1.05469     0.95156
            Length      30          6600        4800        2613        1920        1440        960         675         609

S-2         Ht, Width   0.0625      13.75       10          5.44375     4           3           2           1.40625     1.26875
            Length      30          6600        4800        2613        1920        1440        960         675         609

S-2X        Ht, Width   0.0781      17.1875     12.5        6.80469     5           3.75        2.5         1.75781     1.58594
            Length      30          6600        4800        2613        1920        1440        960         675         609

S-3         Ht, Width   0.0938      20.625      15          8.16563     6           4.5         3           2.10938     1.90313
            Length      35          7700        5600        3048.5      2240        1680        1120        787.5       710.5
                                                                                                                        
S-3X        Ht, Width   0.1094      24.0625     17.5        9.52656     7           5.25        3.5         2.46094     2.22031
            Length      35          7700        5600        3048.5      2240        1680        1120        787.5       710.5
                                                                                                                        
S-4         Ht, Width   0.1250      27.5        20          10.8875     8           6           4           2.8125      2.5375
            Length      35          7700        5600        3048.5      2240        1680        1120        787.5       710.5

S-5         Ht, Width   0.1563      34.375      25          13.6094     10          7.5         5           3.51563     3.17188
            Length      35          7700        5600        3048.5      2240        1680        1120        787.5       710.5

S-6         Ht, Width   0.1875      41.25       30          16.3313     12          9           6           4.21875     3.80625
            Length      35          7700        5600        3048.5      2240        1680        1120        787.5       710.5

S-7         Ht, Width   0.2188      48.125      35          19.0531     14          10.5        7           4.92188     4.44063
            Length      35          7700        5600        3048.5      2240        1680        1120        787.5       710.5

S-8         Ht, Width   0.2500      55          40          21.775      16          12          8           5.625       5.075
            Length      35          7700        5600        3048.5      2240        1680        1120        787.5       710.5
                                                                                                                        
S-9         Ht, Width   0.2813      61.875      45          24.4969     18          13.5        9           6.32813     5.70938
            Length      35          7700        5600        3048.5      2240        1680        1120        787.5       710.5
                                                                                                                        
S-10        Ht, Width   0.3215      70.73       51.44       28.0027     20.576      15.432      10.288      7.23375     6.52645
            Length      35          7700        5600        3048.5      2240        1680        1120        787.5       710.5
                                                                                                                        
S-12        Ht, Width   0.3750      82.5        60          32.6625     24          18          12          8.4375      7.6125
            Length      35          7700        5600        3048.5      2240        1680        1120        787.5       710.5
                                                                                                                        
S-14        Ht, Width   0.4375      96.25       70          38.1063     28          21          14          9.84375     8.88125
            Length      35          7700        5600        3048.5      2240        1680        1120        787.5       710.5
                                                                                                                        
S-16        Ht, Width   0.5000      110         80          43.55       32          24          16          11.25       10.15
            Length      35          7700        5600        3048.5      2240        1680        1120        787.5       710.5
            Square bars up to 1" available                                                                                                               

            Hex Bars                                                                                                    
                                                                        Scale Inches                                                
                                    220         160         87.1        64          48          32          22.5        20.3
Code        Descr.      actual in.  Z           N           HO          S           O           #1          Gnm         Gn3
HX-1X       Ht, Width   0.0469      10.3125     7.5         4.08281     3           2.25        1.5         1.05469     0.95156
            Length      30          6600        4800        2613        1920        1440        960         675         609

HX-2        Ht, Width   0.0625      13.75       10          5.44375     4           3           2           1.40625     1.26875
            Length      30          6600        4800        2613        1920        1440        960         675         609

HX-2X       Ht, Width   0.0781      17.1875     12.5        6.80469     5           3.75        2.5         1.75781     1.58594
            Length      30          6600        4800        2613        1920        1440        960         675         609

HX-3        Ht, Width   0.0938      20.625      15          8.16563     6           4.5         3           2.10938     1.90313
            Length      30          6600        4800        2613        1920        1440        960         675         609
                                                                                                                        
HX-3X       Ht, Width   0.1094      24.0625     17.5        9.52656     7           5.25        3.5         2.46094     2.22031
            Length      30          6600        4800        2613        1920        1440        960         675         609
                                                                                                                        
HX-4        Ht, Width   0.1250      27.5        20          10.8875     8           6           4           2.8125      2.5375
            Length      30          6600        4800        2613        1920        1440        960         675         609
                                                                                                                        
HX-4X       Ht, Width   0.1406      30.9375     22.5        12.2484     9           6.75        4.5         3.16406     2.85469
            Length      30          6600        4800        2613        1920        1440        960         675         609

HX-5        Ht, Width   0.1563      34.375      25          13.6094     10          7.5         5           3.51563     3.17188
            Length      30          6600        4800        2613        1920        1440        960         675         609

HX-6        Ht, Width   0.1875      41.25       30          16.3313     12          9           6           4.21875     3.80625
            Length      30          6600        4800        2613        1920        1440        960         675         609

HX-7        Ht, Width   0.2188      48.125      35          19.0531     14          10.5        7           4.92188     4.44063
            Length      30          6600        4800        2613        1920        1440        960         675         609

HX-8        Ht, Width   0.2500      55          40          21.775      16          12          8           5.625       5.075
            Length      30          6600        4800        2613        1920        1440        960         675         609
                                                                                                                        
            Round Bars                                                                                                  
                                                                        Scale Inches                                                
                                    220         160         87.1        64          48          32          22.5        20.3
Code        Descr.      actual in.  Z           N           HO          S           O           #1          Gnm         Gn3
R-08        Diameter    0.0080      1.76        1.28        0.6968      0.512       0.384       0.256       0.18        0.1624
            Length      24          5280        3840        2090.4      1536        1152        768         540         487.2
                                                                                                                        
R-10        Diameter    0.0100      2.2         1.6         0.871       0.64        0.48        0.32        0.225       0.203
            Length      24          5280        3840        2090.4      1536        1152        768         540         487.2
                                                                                                                        
R-12        Diameter    0.0120      2.64        1.92        1.0452      0.768       0.576       0.384       0.27        0.2436
            Length      24          5280        3840        2090.4      1536        1152        768         540         487.2
                                                                                                                        
R-14        Diameter    0.0140      3.08        2.24        1.2194      0.896       0.672       0.448       0.315       0.2842
            Length      24          5280        3840        2090.4      1536        1152        768         540         487.2
                                                                                                                        
R-16        Diameter    0.0160      3.52        2.56        1.3936      1.024       0.768       0.512       0.36        0.3248
            Length      24          5280        3840        2090.4      1536        1152        768         540         487.2
                                                                                                                        
R-20        Diameter    0.0200      4.4         3.2         1.742       1.28        0.96        0.64        0.45        0.406
            Length      30          6600        4800        2613        1920        1440        960         675         609
                                                                                                                        
R-23        Diameter    0.0230      5.06        3.68        2.0033      1.472       1.104       0.736       0.5175      0.4669
            Length      30          6600        4800        2613        1920        1440        960         675         609
                                                                                                                        
R-25        Diameter    0.0250      5.5         4           2.1775      1.6         1.2         0.8         0.5625      0.5075
            Length      30          6600        4800        2613        1920        1440        960         675         609
                                                                                                                        
R-28        Diameter    0.0280      6.16        4.48        2.4388      1.792       1.344       0.896       0.63        0.5684
            Length      30          6600        4800        2613        1920        1440        960         675         609
                                                                                                                        
R-32        Diameter    0.0320      7.04        5.12        2.7872      2.048       1.536       1.024       0.72        0.6496
            Length      30          6600        4800        2613        1920        1440        960         675         609
                                                                                                                        
R-36        Diameter    0.0360      7.92        5.76        3.1356      2.304       1.728       1.152       0.81        0.7308
            Length      30          6600        4800        2613        1920        1440        960         675         609
                                                                                                                        
R-40        Diameter    0.0400      8.8         6.4         3.484       2.56        1.92        1.28        0.9         0.812
            Length      30          6600        4800        2613        1920        1440        960         675         609
                                                                                                                        
R-45        Diameter    0.0450      9.9         7.2         3.9195      2.88        2.16        1.44        1.0125      0.9135
            Length      30          6600        4800        2613        1920        1440        960         675         609
                                                                                                                        
R-50        Diameter    0.0500      11          8           4.355       3.2         2.4         1.6         1.125       1.015
            Length      30          6600        4800        2613        1920        1440        960         675         609
                                                                                                                        
R-55        Diameter    0.0550      12.1        8.8         4.7905      3.52        2.64        1.76        1.2375      1.1165
            Length      30          6600        4800        2613        1920        1440        960         675         609
                                                                                                                        
R-57        Diameter    0.0570      12.54       9.12        4.9647      3.648       2.736       1.824       1.2825      1.1571
            Length      30          6600        4800        2613        1920        1440        960         675         609
                                                                                                                        
R-2         Diameter    0.0625      13.75       10          5.44375     4           3           2           1.40625     1.26875
            Length      30          6600        4800        2613        1920        1440        960         675         609

R-2X        Diameter    0.0781      17.1875     12.5        6.80469     5           3.75        2.5         1.75781     1.58594
            Length      30          6600        4800        2613        1920        1440        960         675         609

R-3         Diameter    0.0938      20.625      15          8.16563     6           4.5         3           2.10938     1.90313
            Length      30          6600        4800        2613        1920        1440        960         675         609

R-3X        Diameter    0.1094      24.0625     17.5        9.52656     7           5.25        3.5         2.46094     2.22031
            Length      35          7700        5600        3048.5      2240        1680        1120        787.5       710.5
                                                                                                                        
R-4         Diameter    0.1250      27.5        20          10.8875     8           6           4           2.8125      2.5375
            Length      35          7700        5600        3048.5      2240        1680        1120        787.5       710.5
                                                                                                                        
R-5         Diameter    0.1563      34.375      25          13.6094     10          7.5         5           3.51563     3.17188
            Length      35          7700        5600        3048.5      2240        1680        1120        787.5       710.5
                                                                                                                        
R-6         Diameter    0.1875      41.25       30          16.3313     12          9           6           4.21875     3.80625
            Length      35          7700        5600        3048.5      2240        1680        1120        787.5       710.5

R-7         Diameter    0.2188      48.125      35          19.0531     14          10.5        7           4.92188     4.44063
            Length      35          7700        5600        3048.5      2240        1680        1120        787.5       710.5

R-8         Diameter    0.2500      55          40          21.775      16          12          8           5.625       5.075
            Length      35          7700        5600        3048.5      2240        1680        1120        787.5       710.5

R-312       Diameter    0.3215      70.73       51.44       28.0027     20.576      15.432      10.288      7.23375     6.52645
            Length      35          7700        5600        3048.5      2240        1680        1120        787.5       710.5

R-375       Diameter    0.3750      82.5        60          32.6625     24          18          12          8.4375      7.6125
            Length *    12          2640        1920        1045.2      768         576         384         270         243.6

R-437       Diameter    0.4375      96.25       70          38.1063     28          21          14          9.84375     8.88125
            Length *    12          2640        1920        1045.2      768         576         384         270         243.6

R-500       Diameter    0.5000      110         80          43.55       32          24          16          11.25       10.15
            Length *    12          2640        1920        1045.2      768         576         384         270         243.6

R-518       Diameter    0.5625      123.75      90          48.9938     36          27          18          12.6563     11.4188
            Length *    12          2640        1920        1045.2      768         576         384         270         243.6

R-520       Diameter    0.6250      137.5       100         54.4375     40          30          20          14.0625     12.6875
            Length *    12          2640        1920        1045.2      768         576         384         270         243.6

R-522       Diameter    0.6875      151.25      110         59.8813     44          33          22          15.4688     13.9563
            Length *    12          2640        1920        1045.2      768         576         384         270         243.6

R-524       Diameter    0.7500      165         120         65.325      48          36          24          16.875      15.225
            Length *    12          2640        1920        1045.2      768         576         384         270         243.6

R-526       Diameter    0.8125      178.75      130         70.7688     52          39          26          18.2813     16.4938
            Length *    12          2640        1920        1045.2      768         576         384         270         243.6

R-528       Diameter    0.8750      192.5       140         76.2125     56          42          28          19.6875     17.7625
            Length *    12          2640        1920        1045.2      768         576         384         270         243.6

R-530       Diameter    0.9375      206.25      150         81.6563     60          45          30          21.0938     19.0313
            Length *    12          2640        1920        1045.2      768         576         384         270         243.6

R-532       Diameter    1.0000      220         160         87.1        64          48          32          22.5        20.3
            Length *    12          2640        1920        1045.2      768         576         384         270         243.6
            * Also available in 24 and 36" lengths

            Half Round Bars
                                                                        Scale Inches                                                
                                    220         160         87.1        64          48          32          22.5        20.3
Code        Descr.      actual in.  Z           N           HO          S           O           #1          Gnm         Gn3
HR-3-6      Diameter    0.1875      41.25       30          16.3313     12          9           6           4.21875     3.80625
            Thickness   0.0938      20.625      15          8.16563     6           4.5         3           2.10938     1.90313
            Length      35          7700        5600        3048.5      2240        1680        1120        787.5       710.5

HR-4-8      Diameter    0.2500      55          40          21.775      16          12          8           5.625       5.075
            Thickness   0.1250      27.5        20          10.8875     8           6           4           2.8125      2.5375
            Length      35          7700        5600        3048.5      2240        1680        1120        787.5       710.5

HR-6-12     Diameter    0.3750      82.5        60          32.6625     24          18          12          8.4375      7.6125
            Thickness   0.1875      41.25       30          16.3313     12          9           6           4.21875     3.80625
            Length      35          7700        5600        3048.5      2240        1680        1120        787.5       710.5

HR-7-14     Diameter    0.4375      96.25       70          38.1063     28          21          14          9.84375     8.88125
            Thickness   0.2188      48.125      35          19.0531     14          10.5        7           4.92188     4.44063
            Length      35          7700        5600        3048.5      2240        1680        1120        787.5       710.5

HR-8-16     Diameter    0.5000      110         80          43.55       32          24          16          11.25       10.15
            Thickness   0.2500      55          40          21.775      16          12          8           5.625       5.075
            Length      35          7700        5600        3048.5      2240        1680        1120        787.5       710.5

HR-12-24    Diameter    0.7500      165         120         65.325      48          36          24          16.875      15.225
            Thickness   0.3750      82.5        60          32.6625     24          18          12          8.4375      7.6125
            Length      35          7700        5600        3048.5      2240        1680        1120        787.5       710.5

            Flat Bars
                                                                        Scale Inches                                                
                                    220         160         87.1        64          48          32          22.5        20.3
Code        Descr.      actual in.  Z           N           HO          S           O           #1          Gnm         Gn3
F-1X-1      Width       0.0313      6.875       5           2.72188     2           1.5         1           0.70313     0.63438
            Thickness   0.0156      3.4375      2.5         1.36094     1           0.75        0.5         0.35156     0.31719
            Length      30          6600        4800        2613        1920        1440        960         675         609

F-1X-2      Width       0.0625      13.75       10          5.44375     4           3           2           1.40625     1.26875
            Thickness   0.0156      3.4375      2.5         1.36094     1           0.75        0.5         0.35156     0.31719
            Length      30          6600        4800        2613        1920        1440        960         675         609

F-1X-3      Width       0.0938      20.625      15          8.16563     6           4.5         3           2.10938     1.90313
            Thickness   0.0156      3.4375      2.5         1.36094     1           0.75        0.5         0.35156     0.31719
            Length      30          6600        4800        2613        1920        1440        960         675         609

F-1X-4      Width       0.1250      27.5        20          10.8875     8           6           4           2.8125      2.5375
            Thickness   0.0156      3.4375      2.5         1.36094     1           0.75        0.5         0.35156     0.31719
            Length      30          6600        4800        2613        1920        1440        960         675         609

F-1X-6      Width       0.1875      41.25       30          16.3313     12          9           6           4.21875     3.80625
            Thickness   0.0156      3.4375      2.5         1.36094     1           0.75        0.5         0.35156     0.31719
            Length      30          6600        4800        2613        1920        1440        960         675         609

F-1X-8      Width       0.2500      55          40          21.775      16          12          8           5.625       5.075
            Thickness   0.0156      3.4375      2.5         1.36094     1           0.75        0.5         0.35156     0.31719
            Length      30          6600        4800        2613        1920        1440        960         675         609

F-1X-10     Width       0.3215      70.73       51.44       28.0027     20.576      15.432      10.288      7.23375     6.52645
            Thickness   0.0156      3.4375      2.5         1.36094     1           0.75        0.5         0.35156     0.31719
            Length      30          6600        4800        2613        1920        1440        960         675         609

F-1X-12     Width       0.3750      82.5        60          32.6625     24          18          12          8.4375      7.6125
            Thickness   0.0156      3.4375      2.5         1.36094     1           0.75        0.5         0.35156     0.31719
            Length      30          6600        4800        2613        1920        1440        960         675         609

F-1X-16     Width       0.5000      110         80          43.55       32          24          16          11.25       10.15
            Thickness   0.0156      3.4375      2.5         1.36094     1           0.75        0.5         0.35156     0.31719
            Length      30          6600        4800        2613        1920        1440        960         675         609
                                                                                                                        
                                                                                                                        
F-1-2       Width       0.0625      13.75       10          5.44375     4           3           2           1.40625     1.26875
            Thickness   0.0313      6.875       5           2.72188     2           1.5         1           0.70313     0.63438
            Length      30          6600        4800        2613        1920        1440        960         675         609

F-1-3       Width       0.0938      20.625      15          8.16563     6           4.5         3           2.10938     1.90313
            Thickness   0.0313      6.875       5           2.72188     2           1.5         1           0.70313     0.63438
            Length      30          6600        4800        2613        1920        1440        960         675         609

F-1-4       Width       0.1250      27.5        20          10.8875     8           6           4           2.8125      2.5375
            Thickness   0.0313      6.875       5           2.72188     2           1.5         1           0.70313     0.63438
            Length      30          6600        4800        2613        1920        1440        960         675         609

F-1-6       Width       0.1875      41.25       30          16.3313     12          9           6           4.21875     3.80625
            Thickness   0.0313      6.875       5           2.72188     2           1.5         1           0.70313     0.63438
            Length      30          6600        4800        2613        1920        1440        960         675         609

F-1-8       Width       0.2500      55          40          21.775      16          12          8           5.625       5.075
            Thickness   0.0313      6.875       5           2.72188     2           1.5         1           0.70313     0.63438
            Length      30          6600        4800        2613        1920        1440        960         675         609

F-1-10      Width       0.3215      70.73       51.44       28.0027     20.576      15.432      10.288      7.23375     6.52645
            Thickness   0.0313      6.875       5           2.72188     2           1.5         1           0.70313     0.63438
            Length      30          6600        4800        2613        1920        1440        960         675         609

F-1-12      Width       0.3750      82.5        60          32.6625     24          18          12          8.4375      7.6125
            Thickness   0.0313      6.875       5           2.72188     2           1.5         1           0.70313     0.63438
            Length      30          6600        4800        2613        1920        1440        960         675         609

F-1-16      Width       0.5000      110         80          43.55       32          24          16          11.25       10.15
            Thickness   0.0313      6.875       5           2.72188     2           1.5         1           0.70313     0.63438
            Length      30          6600        4800        2613        1920        1440        960         675         609
                                                                                                                        
F-1-20      Width       0.6250      137.5       100         54.4375     40          30          20          14.0625     12.6875
            Thickness   0.0313      6.875       5           2.72188     2           1.5         1           0.70313     0.63438
            Length      30          6600        4800        2613        1920        1440        960         675         609
                                                                                                                        
F-1-24      Width       0.7500      165         120         65.325      48          36          24          16.875      15.225
            Thickness   0.0313      6.875       5           2.72188     2           1.5         1           0.70313     0.63438
            Length      30          6600        4800        2613        1920        1440        960         675         609
                                                                                                                        
F-1-32      Width       1.0000      220         160         87.1        64          48          32          22.5        20.3
            Thickness   0.0313      6.875       5           2.72188     2           1.5         1           0.70313     0.63438
            Length      30          6600        4800        2613        1920        1440        960         675         609
                                                                                                                        

F-2-4       Width       0.1250      27.5        20          10.8875     8           6           4           2.8125      2.5375
            Thickness   0.0625      13.75       10          5.44375     4           3           2           1.40625     1.26875
            Length      30          6600        4800        2613        1920        1440        960         675         609

F-2-6       Width       0.1875      41.25       30          16.3313     12          9           6           4.21875     3.80625
            Thickness   0.0625      13.75       10          5.44375     4           3           2           1.40625     1.26875
            Length      30          6600        4800        2613        1920        1440        960         675         609

F-2-8       Width       0.2500      55          40          21.775      16          12          8           5.625       5.075
            Thickness   0.0625      13.75       10          5.44375     4           3           2           1.40625     1.26875
            Length      35          7700        5600        3048.5      2240        1680        1120        787.5       710.5

F-2-10      Width       0.3215      70.73       51.44       28.0027     20.576      15.432      10.288      7.23375     6.52645
            Thickness   0.0625      13.75       10          5.44375     4           3           2           1.40625     1.26875
            Length      35          7700        5600        3048.5      2240        1680        1120        787.5       710.5

F-2-12      Width       0.3750      82.5        60          32.6625     24          18          12          8.4375      7.6125
            Thickness   0.0625      13.75       10          5.44375     4           3           2           1.40625     1.26875
            Length      35          7700        5600        3048.5      2240        1680        1120        787.5       710.5

F-2-14      Width       0.4375      96.25       70          38.1063     28          21          14          9.84375     8.88125
            Thickness   0.0625      13.75       10          5.44375     4           3           2           1.40625     1.26875
            Length      35          7700        5600        3048.5      2240        1680        1120        787.5       710.5

F-2-16      Width       0.5000      110         80          43.55       32          24          16          11.25       10.15
            Thickness   0.0625      13.75       10          5.44375     4           3           2           1.40625     1.26875
            Length      35          7700        5600        3048.5      2240        1680        1120        787.5       710.5
                                                                                                                        
F-2-20      Width       0.6250      137.5       100         54.4375     40          30          20          14.0625     12.6875
            Thickness   0.0625      13.75       10          5.44375     4           3           2           1.40625     1.26875
            Length      35          7700        5600        3048.5      2240        1680        1120        787.5       710.5
                                                                                                                        
F-2-24      Width       0.7500      165         120         65.325      48          36          24          16.875      15.225
            Thickness   0.0625      13.75       10          5.44375     4           3           2           1.40625     1.26875
            Length      35          7700        5600        3048.5      2240        1680        1120        787.5       710.5
                                                                                                                        
F-2-32      Width       1.0000      220         160         87.1        64          48          32          22.5        20.3
            Thickness   0.0625      13.75       10          5.44375     4           3           2           1.40625     1.26875
            Length      35          7700        5600        3048.5      2240        1680        1120        787.5       710.5

F-2-64      Width       2.0000      440         320         174.2       128         96          64          45          40.6
            Thickness   0.0625      13.75       10          5.44375     4           3           2           1.40625     1.26875
            Length      35          7700        5600        3048.5      2240        1680        1120        787.5       710.5


F-4-8       Width       0.2500      55          40          21.775      16          12          8           5.625       5.075
            Thickness   0.1250      27.5        20          10.8875     8           6           4           2.8125      2.5375
            Length      35          7700        5600        3048.5      2240        1680        1120        787.5       710.5

F-4-12      Width       0.3750      82.5        60          32.6625     24          18          12          8.4375      7.6125
            Thickness   0.1250      27.5        20          10.8875     8           6           4           2.8125      2.5375
            Length      35          7700        5600        3048.5      2240        1680        1120        787.5       710.5

F-4-16      Width       0.5000      110         80          43.55       32          24          16          11.25       10.15
            Thickness   0.1250      27.5        20          10.8875     8           6           4           2.8125      2.5375
            Length      35          7700        5600        3048.5      2240        1680        1120        787.5       710.5
                                                                                                                        
F-4-24      Width       0.7500      165         120         65.325      48          36          24          16.875      15.225
            Thickness   0.1250      27.5        20          10.8875     8           6           4           2.8125      2.5375
            Length      35          7700        5600        3048.5      2240        1680        1120        787.5       710.5
                                                                                                                        
F-4-32      Width       1.0000      220         160         87.1        64          48          32          22.5        20.3
            Thickness   0.1250      27.5        20          10.8875     8           6           4           2.8125      2.5375
            Length      35          7700        5600        3048.5      2240        1680        1120        787.5       710.5

            Flat Sheets
                                                                        Scale Inches                                                
                                    220         160         87.1        64          48          32          22.5        20.3
Code        Descr.      actual in.  Z           N           HO          S           O           #1          Gnm         Gn3
FS-01       Thickness   0.0010      0.22        0.16        0.0871      0.064       0.048       0.032       0.0225      0.0203
            Width       6           1320        960         522.6       384         288         192         135         121.8
            Length      12          2640        1920        1045.2      768         576         384         270         243.6

FS-02       Thickness   0.0020      0.44        0.32        0.1742      0.128       0.096       0.064       0.045       0.0406
            Width       6           1320        960         522.6       384         288         192         135         121.8
            Length      12          2640        1920        1045.2      768         576         384         270         243.6

FS-03       Thickness   0.0030      0.66        0.48        0.2613      0.192       0.144       0.096       0.0675      0.0609
            Width       6           1320        960         522.6       384         288         192         135         121.8
            Length      12          2640        1920        1045.2      768         576         384         270         243.6

FS-05       Thickness   0.0050      1.1         0.8         0.4355      0.32        0.24        0.16        0.1125      0.1015
            Width       6           1320        960         522.6       384         288         192         135         121.8
            Length      12          2640        1920        1045.2      768         576         384         270         243.6

FS-08       Thickness   0.0080      1.76        1.28        0.6968      0.512       0.384       0.256       0.18        0.1624
            Width       6           1320        960         522.6       384         288         192         135         121.8
            Length      12          2640        1920        1045.2      768         576         384         270         243.6

FS-10       Thickness   0.0100      2.2         1.6         0.871       0.64        0.48        0.32        0.225       0.203
            Width       6           1320        960         522.6       384         288         192         135         121.8
            Length      12          2640        1920        1045.2      768         576         384         270         243.6

FS-12       Thickness   0.0120      2.64        1.92        1.0452      0.768       0.576       0.384       0.27        0.2436
            Width       6           1320        960         522.6       384         288         192         135         121.8
            Length      12          2640        1920        1045.2      768         576         384         270         243.6

FS-16       Thickness   0.0160      3.52        2.56        1.3936      1.024       0.768       0.512       0.36        0.3248
            Width       6           1320        960         522.6       384         288         192         135         121.8
            Length      12          2640        1920        1045.2      768         576         384         270         243.6

FS-20       Thickness   0.0200      4.4         3.2         1.742       1.28        0.96        0.64        0.45        0.406
            Width       6           1320        960         522.6       384         288         192         135         121.8
            Length      12          2640        1920        1045.2      768         576         384         270         243.6

FS-25       Thickness   0.0250      5.5         4           2.1775      1.6         1.2         0.8         0.5625      0.5075
            Width       6           1320        960         522.6       384         288         192         135         121.8
            Length      12          2640        1920        1045.2      768         576         384         270         243.6

FS-32       Thickness   0.0320      7.04        5.12        2.7872      2.048       1.536       1.024       0.72        0.6496
            Width       6           1320        960         522.6       384         288         192         135         121.8
            Length      12          2640        1920        1045.2      768         576         384         270         243.6

FS-40       Thickness   0.0400      8.8         6.4         3.484       2.56        1.92        1.28        0.9         0.812
            Width       6           1320        960         522.6       384         288         192         135         121.8
            Length      12          2640        1920        1045.2      768         576         384         270         243.6

FS-64       Thickness   0.0640      14.08       10.24       5.5744      4.096       3.072       2.048       1.44        1.2992
            Width       6           1320        960         522.6       384         288         192         135         121.8
            Length      12          2640        1920        1045.2      768         576         384         270         243.6