Special Shapes Co. Brass Shape Conversions                                                          © blanchard design, 1997

            Angles                                                                                                       
                                                                        Scale Inches
                                    220         160         87.1        64          48          32          22.5        20.3
Code        Descr.      actual in.  Z           N           HO          S           O           #1          Gnm         Gn3
A-1                     0.0313      6.875       5           2.7219      2           1.5         1           0.7031      0.6344
            Thickness   0.01        2.2         1.6         0.871       0.64        0.48        0.32        0.225       0.203
            Length      30          6600        4800        2613        1920        1440        960         675         609

A-1X                    0.0469      10.3125     7.5         4.0828      3           2.25        1.5         1.0547      0.9516
            Thickness   0.012       2.64        1.92        1.0452      0.768       0.576       0.384       0.27        0.2436
            Length      30          6600        4800        2613        1920        1440        960         675         609

A-2                     0.0625      13.75       10          5.4438      4           3           2           1.4063      1.2688
            Thickness   0.014       3.08        2.24        1.2194      0.896       0.672       0.448       0.315       0.2842
            Length      30          6600        4800        2613        1920        1440        960         675         609

A-2X                    0.0781      17.1875     12.5        6.8047      5           3.75        2.5         1.7578      1.5859
            Thickness   0.016       3.52        2.56        1.3936      1.024       0.768       0.512       0.36        0.3248
            Length      30          6600        4800        2613        1920        1440        960         675         609

A-3                     0.0938      20.625      15          8.1656      6           4.5         3           2.1094      1.9031
            Thickness   0.018       3.96        2.88        1.5678      1.152       0.864       0.576       0.405       0.3654
            Length      35          7700        5600        3049        2240        1680        1120        788         711

A-4                     0.125       27.5        20          10.8875     8           6           4           2.8125      2.5375
            Thickness   0.022       4.84        3.52        1.9162      1.408       1.056       0.704       0.495       0.4466
            Length      35          7700        5600        3049        2240        1680        1120        788         711

A-5                     0.1563      34.375      25          13.6094     10          7.5         5           3.5156      3.1719
            Thickness   0.024       5.28        3.84        2.0904      1.536       1.152       0.768       0.54        0.4872
            Length      35          7700        5600        3049        2240        1680        1120        788         711

A-6                     0.1875      41.25       30          16.3313     12          9           6           4.2188      3.8063
            Thickness   0.026       5.72        4.16        2.2646      1.664       1.248       0.832       0.585       0.5278
            Length      35          7700        5600        3049        2240        1680        1120        788         711

A-7                     0.2188      48.125      35          19.0531     14          10.5        7           4.9219      4.4406
            Thickness   0.028       6.16        4.48        2.4388      1.792       1.344       0.896       0.63        0.5684
            Length      35          7700        5600        3049        2240        1680        1120        788         711

A-8                     0.25        55          40          21.775      16          12          8           5.625       5.075
            Thickness   0.03        6.6         4.8         2.613       1.92        1.44        0.96        0.675       0.609
            Length      35          7700        5600        3049        2240        1680        1120        788         711

A-10                    0.3125      68.75       50          27.2188     20          15          10          7.0313      6.3438
            Thickness   0.032       7.04        5.12        2.7872      2.048       1.536       1.024       0.72        0.6496
            Length      35          7700        5600        3049        2240        1680        1120        788         711

            H-Columns
                                                                        Scale Inches
                                    220         160         87.1        64          48          32          22.5        20.3
Code        Descr.      actual in.  Z           N           HO          S           O           #1          Gnm         Gn3
H-1                     0.0313      6.875       5           2.7219      2           1.5         1           0.7031      0.6344
            Thickness   0.008       1.76        1.28        0.6968      0.512       0.384       0.256       0.18        0.1624
            Length      30          6600        4800        2613        1920        1440        960         675         609

H-1X                    0.0469      10.3125     7.5         4.0828      3           2.25        1.5         1.0547      0.9516
            Thickness   0.011       2.42        1.76        0.9581      0.704       0.528       0.352       0.2475      0.2233
            Length      30          6600        4800        2613        1920        1440        960         675         609

H-2                     0.0625      13.75       10          5.4438      4           3           2           1.4063      1.2688
            Thickness   0.013       2.86        2.08        1.1323      0.832       0.624       0.416       0.2925      0.2639
            Length      30          6600        4800        2613        1920        1440        960         675         609

H-2X                    0.0781      17.1875     12.5        6.8047      5           3.75        2.5         1.7578      1.5859
            Thickness   0.016       3.52        2.56        1.3936      1.024       0.768       0.512       0.36        0.3248
            Length      30          6600        4800        2613        1920        1440        960         675         609

H-3                     0.0938      20.625      15          8.1656      6           4.5         3           2.1094      1.9031
            Thickness   0.018       3.96        2.88        1.5678      1.152       0.864       0.576       0.405       0.3654
            Length      35          7700        5600        3049        2240        1680        1120        788         711

H-4                     0.125       27.5        20          10.8875     8           6           4           2.8125      2.5375
            Thickness   0.022       4.84        3.52        1.9162      1.408       1.056       0.704       0.495       0.4466
            Length      35          7700        5600        3049        2240        1680        1120        788         711

H-5                     0.1563      34.375      25          13.6094     10          7.5         5           3.5156      3.1719
            Thickness   0.024       5.28        3.84        2.0904      1.536       1.152       0.768       0.54        0.4872
            Length      35          7700        5600        3049        2240        1680        1120        788         711

H-6                     0.1875      41.25       30          16.3313     12          9           6           4.2188      3.8063
            Thickness   0.026       5.72        4.16        2.2646      1.664       1.248       0.832       0.585       0.5278
            Length      35          7700        5600        3049        2240        1680        1120        788         711

H-7                     0.2188      48.125      35          19.0531     14          10.5        7           4.9219      4.4406
            Thickness   0.028       6.16        4.48        2.4388      1.792       1.344       0.896       0.63        0.5684
            Length      35          7700        5600        3049        2240        1680        1120        788         711

H-8                     0.25        55          40          21.775      16          12          8           5.625       5.075
            Thickness   0.03        6.6         4.8         2.613       1.92        1.44        0.96        0.675       0.609
            Length      35          7700        5600        3049        2240        1680        1120        788         711

H-10                    0.3125      68.75       50          27.2188     20          15          10          7.0313      6.3438
            Thickness   0.032       7.04        5.12        2.7872      2.048       1.536       1.024       0.72        0.6496
            Length      35          7700        5600        3049        2240        1680        1120        788         711

            Tees
                                                                        Scale Inches
                                    220         160         87.1        64          48          32          22.5        20.3
Code        Descr.      actual in.  Z           N           HO          S           O           #1          Gnm         Gn3
T-1                     0.0313      6.875       5           2.7219      2           1.5         1           0.7031      0.6344
            Thickness   0.01        2.2         1.6         0.871       0.64        0.48        0.32        0.225       0.203
            Length      30          6600        4800        2613        1920        1440        960         675         609

T-1X                    0.0469      10.3125     7.5         4.0828      3           2.25        1.5         1.0547      0.9516
            Thickness   0.012       2.64        1.92        1.0452      0.768       0.576       0.384       0.27        0.2436
            Length      30          6600        4800        2613        1920        1440        960         675         609

T-2                     0.0625      13.75       10          5.4438      4           3           2           1.4063      1.2688
            Thickness   0.014       3.08        2.24        1.2194      0.896       0.672       0.448       0.315       0.2842
            Length      30          6600        4800        2613        1920        1440        960         675         609

T-2X                    0.0781      17.1875     12.5        6.8047      5           3.75        2.5         1.7578      1.5859
            Thickness   0.016       3.52        2.56        1.3936      1.024       0.768       0.512       0.36        0.3248
            Length      30          6600        4800        2613        1920        1440        960         675         609

T-3                     0.0938      20.625      15          8.1656      6           4.5         3           2.1094      1.9031
            Thickness   0.018       3.96        2.88        1.5678      1.152       0.864       0.576       0.405       0.3654
            Length      35          7700        5600        3049        2240        1680        1120        788         711

T-4                     0.125       27.5        20          10.8875     8           6           4           2.8125      2.5375
            Thickness   0.022       4.84        3.52        1.9162      1.408       1.056       0.704       0.495       0.4466
            Length      35          7700        5600        3049        2240        1680        1120        788         711

T-5                     0.1563      34.375      25          13.6094     10          7.5         5           3.5156      3.1719
            Thickness   0.024       5.28        3.84        2.0904      1.536       1.152       0.768       0.54        0.4872
            Length      35          7700        5600        3049        2240        1680        1120        788         711

T-6                     0.1875      41.25       30          16.3313     12          9           6           4.2188      3.8063
            Thickness   0.026       5.72        4.16        2.2646      1.664       1.248       0.832       0.585       0.5278
            Length      35          7700        5600        3049        2240        1680        1120        788         711

T-7                     0.2188      48.125      35          19.0531     14          10.5        7           4.9219      4.4406
            Thickness   0.028       6.16        4.48        2.4388      1.792       1.344       0.896       0.63        0.5684
            Length      35          7700        5600        3049        2240        1680        1120        788         711

T-8                     0.25        55          40          21.775      16          12          8           5.625       5.075
            Thickness   0.03        6.6         4.8         2.613       1.92        1.44        0.96        0.675       0.609
            Length      35          7700        5600        3049        2240        1680        1120        788         711

T-10                    0.3125      68.75       50          27.2188     20          15          10          7.0313      6.3438
            Thickness   0.032       7.04        5.12        2.7872      2.048       1.536       1.024       0.72        0.6496
            Length      35          7700        5600        3049        2240        1680        1120        788         711

            Square Channels
                                                                        Scale Inches
                                    220         160         87.1        64          48          32          22.5        20.3
Code        Descr.      actual in.  Z           N           HO          S           O           #1          Gnm         Gn3
SC-1                    0.0313      6.875       5           2.7219      2           1.5         1           0.7031      0.6344
            Thickness   0.008       1.76        1.28        0.6968      0.512       0.384       0.256       0.18        0.1624
            Length      30          6600        4800        2613        1920        1440        960         675         609

SC-1X                   0.0469      10.3125     7.5         4.0828      3           2.25        1.5         1.0547      0.9516
            Thickness   0.011       2.42        1.76        0.9581      0.704       0.528       0.352       0.2475      0.2233
            Length      30          6600        4800        2613        1920        1440        960         675         609

SC-2                    0.0625      13.75       10          5.4438      4           3           2           1.4063      1.2688
            Thickness   0.013       2.86        2.08        1.1323      0.832       0.624       0.416       0.2925      0.2639
            Length      30          6600        4800        2613        1920        1440        960         675         609

SC-2X                   0.0781      17.1875     12.5        6.8047      5           3.75        2.5         1.7578      1.5859
            Thickness   0.016       3.52        2.56        1.3936      1.024       0.768       0.512       0.36        0.3248
            Length      30          6600        4800        2613        1920        1440        960         675         609

SC-3                    0.0938      20.625      15          8.1656      6           4.5         3           2.1094      1.9031
            Thickness   0.018       3.96        2.88        1.5678      1.152       0.864       0.576       0.405       0.3654
            Length      35          7700        5600        3049        2240        1680        1120        788         711

SC-4                    0.125       27.5        20          10.8875     8           6           4           2.8125      2.5375
            Thickness   0.022       4.84        3.52        1.9162      1.408       1.056       0.704       0.495       0.4466
            Length      35          7700        5600        3049        2240        1680        1120        788         711

SC-5                    0.1563      34.375      25          13.6094     10          7.5         5           3.5156      3.1719
            Thickness   0.024       5.28        3.84        2.0904      1.536       1.152       0.768       0.54        0.4872
            Length      35          7700        5600        3049        2240        1680        1120        788         711

SC-6                    0.1875      41.25       30          16.3313     12          9           6           4.2188      3.8063
            Thickness   0.026       5.72        4.16        2.2646      1.664       1.248       0.832       0.585       0.5278
            Length      35          7700        5600        3049        2240        1680        1120        788         711

SC-7                    0.2188      48.125      35          19.0531     14          10.5        7           4.9219      4.4406
            Thickness   0.028       6.16        4.48        2.4388      1.792       1.344       0.896       0.63        0.5684
            Length      35          7700        5600        3049        2240        1680        1120        788         711

SC-8                    0.25        55          40          21.775      16          12          8           5.625       5.075
            Thickness   0.03        6.6         4.8         2.613       1.92        1.44        0.96        0.675       0.609
            Length      35          7700        5600        3049        2240        1680        1120        788         711

SC-10                   0.3125      68.75       50          27.2188     20          15          10          7.0313      6.3438
            Thickness   0.032       7.04        5.12        2.7872      2.048       1.536       1.024       0.72        0.6496
            Length      35          7700        5600        3049        2240        1680        1120        788         711

            I Beams
                                                                        Scale Inches
                                    220         160         87.1        64          48          32          22.5        20.3
Code        Descr.      actual in.  Z           N           HO          S           O           #1          Gnm         Gn3
B-2-1       Height      0.0625      13.75       10          5.4438      4           3           2           1.4063      1.2688
            Width       0.0313      6.875       5           2.7219      2           1.5         1           0.7031      0.6344
            Thickness   0.014       3.08        2.24        1.2194      0.896       0.672       0.448       0.315       0.2842
            Length      30          6600        4800        2613        1920        1440        960         675         609

B-3-1X      Height      0.0938      20.625      15          8.1656      6           4.5         3           2.1094      1.9031
            Width       0.0469      10.3125     7.5         4.0828      3           2.25        1.5         1.0547      0.9516
            Thickness   0.016       3.52        2.56        1.3936      1.024       0.768       0.512       0.36        0.3248
            Length      30          6600        4800        2613        1920        1440        960         675         609

B-4-2       Height      0.125       27.5        20          10.8875     8           6           4           2.8125      2.5375
            Width       0.0625      13.75       10          5.4438      4           3           2           1.4063      1.2688
            Thickness   0.02        4.4         3.2         1.742       1.28        0.96        0.64        0.45        0.406
            Length      30          6600        4800        2613        1920        1440        960         675         609

B-6-3       Height      0.1875      41.25       30          16.3313     12          9           6           4.2188      3.8063
            Width       0.0938      20.625      15          8.1656      6           4.5         3           2.1094      1.9031
            Thickness   0.026       5.72        4.16        2.2646      1.664       1.248       0.832       0.585       0.5278
            Length      30          6600        4800        2613        1920        1440        960         675         609

B-8-4       Height      0.25        55          40          21.775      16          12          8           5.625       5.075
            Width       0.125       27.5        20          10.8875     8           6           4           2.8125      2.5375
            Thickness   0.028       6.16        4.48        2.4388      1.792       1.344       0.896       0.63        0.5684
            Length      35          7700        5600        3049        2240        1680        1120        788         711

B-10-5      Height      0.3125      68.75       50          27.2188     20          15          10          7.0313      6.3438
            Width       0.125       27.5        20          10.8875     8           6           4           2.8125      2.5375
            Thickness   0.03        6.6         4.8         2.613       1.92        1.44        0.96        0.675       0.609
            Length      35          7700        5600        3049        2240        1680        1120        788         711

            C Channels
                                                                        Scale Inches
                                    220         160         87.1        64          48          32          22.5        20.3
Code        Descr.      actual in.  Z           N           HO          S           O           #1          Gnm         Gn3
C-2-1       Height      0.0625      13.75       10          5.4438      4           3           2           1.4063      1.2688
            Width       0.0313      6.875       5           2.7219      2           1.5         1           0.7031      0.6344
            Thickness   0.014       3.08        2.24        1.2194      0.896       0.672       0.448       0.315       0.2842
            Length      30          6600        4800        2613        1920        1440        960         675         609

C-3-1X      Height      0.0938      20.625      15          8.1656      6           4.5         3           2.1094      1.9031
            Width       0.0469      10.3125     7.5         4.0828      3           2.25        1.5         1.0547      0.9516
            Thickness   0.016       3.52        2.56        1.3936      1.024       0.768       0.512       0.36        0.3248
            Length      30          6600        4800        2613        1920        1440        960         675         609

C-4-2       Height      0.125       27.5        20          10.8875     8           6           4           2.8125      2.5375
            Width       0.0625      13.75       10          5.4438      4           3           2           1.4063      1.2688
            Thickness   0.02        4.4         3.2         1.742       1.28        0.96        0.64        0.45        0.406
            Length      30          6600        4800        2613        1920        1440        960         675         609

C-6-3       Height      0.1875      41.25       30          16.3313     12          9           6           4.2188      3.8063
            Width       0.0938      20.625      15          8.1656      6           4.5         3           2.1094      1.9031
            Thickness   0.026       5.72        4.16        2.2646      1.664       1.248       0.832       0.585       0.5278
            Length      30          6600        4800        2613        1920        1440        960         675         609

C-8-4       Height      0.25        55          40          21.775      16          12          8           5.625       5.075
            Width       0.125       27.5        20          10.8875     8           6           4           2.8125      2.5375
            Thickness   0.028       6.16        4.48        2.4388      1.792       1.344       0.896       0.63        0.5684
            Length      35          7700        5600        3049        2240        1680        1120        788         711

C-10-5      Height      0.3125      68.75       50          27.2188     20          15          10          7.0313      6.3438
            Width       0.125       27.5        20          10.8875     8           6           4           2.8125      2.5375
            Thickness   0.03        6.6         4.8         2.613       1.92        1.44        0.96        0.675       0.609
            Length      35          7700        5600        3049        2240        1680        1120        788         711

            Zees
                                                                        Scale Inches
                                    220         160         87.1        64          48          32          22.5        20.3
Code        Descr.      actual in.  Z           N           HO          S           O           #1          Gnm         Gn3
Z-1                     0.0313      6.875       5           2.7219      2           1.5         1           0.7031      0.6344
            Thickness   0.01        2.2         1.6         0.871       0.64        0.48        0.32        0.225       0.203
            Length      30          6600        4800        2613        1920        1440        960         675         609

Z-1X                    0.0469      10.3125     7.5         4.0828      3           2.25        1.5         1.0547      0.9516
            Thickness   0.012       2.64        1.92        1.0452      0.768       0.576       0.384       0.27        0.2436
            Length      30          6600        4800        2613        1920        1440        960         675         609

Z-2                     0.0625      13.75       10          5.4438      4           3           2           1.4063      1.2688
            Thickness   0.014       3.08        2.24        1.2194      0.896       0.672       0.448       0.315       0.2842
            Length      30          6600        4800        2613        1920        1440        960         675         609

Z-2X                    0.0781      17.1875     12.5        6.8047      5           3.75        2.5         1.7578      1.5859
            Thickness   0.016       3.52        2.56        1.3936      1.024       0.768       0.512       0.36        0.3248
            Length      30          6600        4800        2613        1920        1440        960         675         609

Z-3                     0.0938      20.625      15          8.1656      6           4.5         3           2.1094      1.9031
            Thickness   0.018       3.96        2.88        1.5678      1.152       0.864       0.576       0.405       0.3654
            Length      35          7700        5600        3049        2240        1680        1120        788         711

Z-4                     0.125       27.5        20          10.8875     8           6           4           2.8125      2.5375
            Thickness   0.022       4.84        3.52        1.9162      1.408       1.056       0.704       0.495       0.4466
            Length      35          7700        5600        3049        2240        1680        1120        788         711

Z-5                     0.1563      34.375      25          13.6094     10          7.5         5           3.5156      3.1719
            Thickness   0.024       5.28        3.84        2.0904      1.536       1.152       0.768       0.54        0.4872
            Length      35          7700        5600        3049        2240        1680        1120        788         711

Z-6                     0.1875      41.25       30          16.3313     12          9           6           4.2188      3.8063
            Thickness   0.026       5.72        4.16        2.2646      1.664       1.248       0.832       0.585       0.5278
            Length      35          7700        5600        3049        2240        1680        1120        788         711

Z-7                     0.2188      48.125      35          19.0531     14          10.5        7           4.9219      4.4406
            Thickness   0.028       6.16        4.48        2.4388      1.792       1.344       0.896       0.63        0.5684
            Length      35          7700        5600        3049        2240        1680        1120        788         711

Z-8                     0.25        55          40          21.775      16          12          8           5.625       5.075
            Thickness   0.03        6.6         4.8         2.613       1.92        1.44        0.96        0.675       0.609
            Length      35          7700        5600        3049        2240        1680        1120        788         711

Z-10                    0.3125      68.75       50          27.2188     20          15          10          7.0313      6.3438
            Thickness   0.032       7.04        5.12        2.7872      2.048       1.536       1.024       0.72        0.6496
            Length      35          7700        5600        3049        2240        1680        1120        788         711