Decimal Conversions    F scale													
Decimal	Scale		Decimal	Scale		Decimal	Scale	Scale		Decimal	Scale	Scale	
Measure	Inches		Measure	Inches		Measure	Inches	Feet		Measure	Inches	Feet	
0.001	0.02		0.051	1.04		0.110	2.24	0.19		0.610	12.40	1.03	
0.002	0.04		0.052	1.06		0.120	2.44	0.20		0.620	12.60	1.05	
0.003	0.06		0.053	1.08		0.130	2.64	0.22		0.630	12.80	1.07	
0.004	0.08		0.054	1.10		0.140	2.84	0.24		0.640	13.00	1.08	
0.005	0.10		0.055	1.12		0.150	3.05	0.25		0.650	13.21	1.10	
0.006	0.12		0.056	1.14		0.160	3.25	0.27		0.660	13.41	1.12	
0.007	0.14		0.057	1.16		0.170	3.45	0.29		0.670	13.61	1.13	
0.008	0.16		0.058	1.18		0.180	3.66	0.30		0.680	13.82	1.15	
0.009	0.18		0.059	1.20		0.190	3.86	0.32		0.690	14.02	1.17	
0.010	0.20		0.060	1.22		0.200	4.06	0.34		0.700	14.22	1.19	
0.011	0.22		0.061	1.24		0.210	4.27	0.36		0.710	14.43	1.20	
0.012	0.24		0.062	1.26		0.220	4.47	0.37		0.720	14.63	1.22	
0.013	0.26		0.063	1.28		0.230	4.67	0.39		0.730	14.83	1.24	
0.014	0.28		0.064	1.30		0.240	4.88	0.41		0.740	15.04	1.25	
0.015	0.30		0.065	1.32		0.250	5.08	0.42		0.750	15.24	1.27	
0.016	0.33		0.066	1.34		0.260	5.28	0.44		0.760	15.44	1.29	
0.017	0.35		0.067	1.36		0.270	5.49	0.46		0.770	15.65	1.30	
0.018	0.37		0.068	1.38		0.280	5.69	0.47		0.780	15.85	1.32	
0.019	0.39		0.069	1.40		0.290	5.89	0.49		0.790	16.05	1.34	
0.020	0.41		0.070	1.42		0.300	6.10	0.51		0.800	16.26	1.35	
0.021	0.43		0.071	1.44		0.310	6.30	0.52		0.810	16.46	1.37	
0.022	0.45		0.072	1.46		0.320	6.50	0.54		0.820	16.66	1.39	
0.023	0.47		0.073	1.48		0.330	6.71	0.56		0.830	16.87	1.41	
0.024	0.49		0.074	1.50		0.340	6.91	0.58		0.840	17.07	1.42	
0.025	0.51		0.075	1.52		0.350	7.11	0.59		0.850	17.27	1.44	
0.026	0.53		0.076	1.54		0.360	7.32	0.61		0.860	17.48	1.46	
0.027	0.55		0.077	1.56		0.370	7.52	0.63		0.870	17.68	1.47	
0.028	0.57		0.078	1.58		0.380	7.72	0.64		0.880	17.88	1.49	
0.029	0.59		0.079	1.61		0.390	7.92	0.66		0.890	18.08	1.51	
0.030	0.61		0.080	1.63		0.400	8.13	0.68		0.900	18.29	1.52	
0.031	0.63		0.081	1.65		0.410	8.33	0.69		0.910	18.49	1.54	
0.032	0.65		0.082	1.67		0.420	8.53	0.71		0.920	18.69	1.56	
0.033	0.67		0.083	1.69		0.430	8.74	0.73		0.930	18.90	1.57	
0.034	0.69		0.084	1.71		0.440	8.94	0.75		0.940	19.10	1.59	
0.035	0.71		0.085	1.73		0.450	9.14	0.76		0.950	19.30	1.61	
0.036	0.73		0.086	1.75		0.460	9.35	0.78		0.960	19.51	1.63	
0.037	0.75		0.087	1.77		0.470	9.55	0.80		0.970	19.71	1.64	
0.038	0.77		0.088	1.79		0.480	9.75	0.81		0.980	19.91	1.66	
0.039	0.79		0.089	1.81		0.490	9.96	0.83		0.990	20.12	1.68	
0.040	0.81		0.090	1.83		0.500	10.16	0.85		1.000	20.32	1.69	
0.041	0.83		0.091	1.85		0.510	10.36	0.86		2.000	40.64	3.39	
0.042	0.85		0.092	1.87		0.520	10.57	0.88		3.000	60.96	5.08	
0.043	0.87		0.093	1.89		0.530	10.77	0.90		4.000	81.28	6.77	
0.044	0.89		0.094	1.91		0.540	10.97	0.91		5.000	101.60	8.47	
0.045	0.91		0.095	1.93		0.550	11.18	0.93		6.000	121.92	10.16	
0.046	0.93		0.096	1.95		0.560	11.38	0.95		7.000	142.24	11.85	
0.047	0.96		0.097	1.97		0.570	11.58	0.97		8.000	162.56	13.55	
0.048	0.98		0.098	1.99		0.580	11.79	0.98		9.000	182.88	15.24	
0.049	1.00		0.099	2.01		0.590	11.99	1.00		10.000	203.20	16.93	
0.050	1.02		0.100	2.03		0.600	12.19	1.02		12.000	243.84	20.32	