inches	dec. inches	F scale in	F scale ft	wire gage		inches	dec. inches	F scale in	F scale ft	wire gage
	0.00050	0.01	0.00				0.32000	6.50	0.54	
	0.00200	0.04	0.00			21/64"	0.32813	6.67	0.56	0 ga
	0.00400	0.08	0.01				0.33000	6.71	0.56	
	0.00500	0.10	0.01	36 ga			0.34000	6.91	0.58	
	0.00625	0.13	0.01	34 ga		11/32"	0.34375	6.99	0.58	00 ga
	0.00750	0.15	0.01	33 ga			0.35000	7.11	0.59	
	0.00900	0.18	0.02	31 ga		23/64"	0.35938	7.30	0.61	
	0.01000	0.20	0.02	30 ga			0.36000	7.32	0.61	
	0.01250	0.25	0.02	28 ga			0.37000	7.52	0.63	
	0.01500	0.30	0.03	27 ga		3/8"	0.37500	7.62	0.64	000 ga
1/64"	0.01563	0.32	0.03	26 ga			0.38000	7.72	0.64	
	0.02000	0.41	0.03	24 ga			0.39000	7.92	0.66	
	0.02500	0.51	0.04	22 ga		25/64"	0.39063	7.94	0.66	
	0.03000	0.61	0.05	21 ga			0.40000	8.13	0.68	
1/32"	0.03125	0.64	0.05	20 ga		13/32"	0.40625	8.26	0.69	0000 ga
	0.03500	0.71	0.06	19 ga			0.41000	8.33	0.69	
	0.03750	0.76	0.06	19 ga			0.42000	8.53	0.71	
	0.04000	0.81	0.07	18 ga		27/64"	0.42188	8.57	0.71	
3/64"	0.04688	0.95	0.08	17 ga			0.43000	8.74	0.73	
	0.05000	1.02	0.08	16 ga		7/16"	0.43750	8.89	0.74	00000 ga
	0.06000	1.22	0.10	15 ga			0.44000	8.94	0.75	
1/16"	0.06250	1.27	0.11	14 ga			0.45000	9.14	0.76	
	0.07000	1.42	0.12	13 ga		29/64"	0.45313	9.21	0.77	
5/64"	0.07813	1.59	0.13				0.46000	9.35	0.78	
	0.08000	1.63	0.14	12 ga		15/32"	0.46875	9.53	0.79	000000 ga
	0.09000	1.83	0.15	11 ga			0.47000	9.55	0.80	
3/32"	0.09375	1.91	0.16				0.48000	9.75	0.81	
	0.10000	2.03	0.17	10 ga		31/64"	0.48438	9.84	0.82	
7/64"	0.10938	2.22	0.19				0.49000	9.96	0.83	
	0.11000	2.24	0.19	9 ga		1/2"	0.50000	10.16	0.85	0000000 ga
	0.12000	2.44	0.20				0.51000	10.36	0.86	
1/8"	0.12500	2.54	0.21	8 ga		33/64"	0.51563	10.48	0.87
	0.13000	2.64	0.22				0.52000	10.57	0.88
	0.14000	2.84	0.24				0.53000	10.77	0.90
9/64"	0.14063	2.86	0.24	7 ga		17/32"	0.53125	10.80	0.90
	0.15000	3.05	0.25				0.54000	10.97	0.91
5/32"	0.15625	3.18	0.26			35/64"	0.54688	11.11	0.93
	0.16000	3.25	0.27	6 ga			0.55000	11.18	0.93
	0.17000	3.45	0.29				0.56000	11.38	0.95
11/64"	0.17188	3.49	0.29			9/16"	0.56250	11.43	0.95
	0.18000	3.66	0.30	5 ga			0.57000	11.58	0.97
3/16"	0.18750	3.81	0.32			37/64"	0.57813	11.75	0.98
	0.19000	3.86	0.32				0.58000	11.79	0.98
	0.20000	4.06	0.34				0.59000	11.99	1.00
13/64"	0.20313	4.13	0.34	4 ga		19/32"	0.59375	12.07	1.01
	0.21000	4.27	0.36				0.60000	12.19	1.02
7/32"	0.21875	4.45	0.37			39/64"	0.60938	12.38	1.03
	0.22000	4.47	0.37	3 ga			0.61000	12.40	1.03
	0.23000	4.67	0.39				0.62000	12.60	1.05
15/64"	0.23438	4.76	0.40			5/8"	0.62500	12.70	1.06
	0.24000	4.88	0.41				0.63000	12.80	1.07
1/4"	0.25000	5.08	0.42	2 ga			0.64000	13.00	1.08
	0.26000	5.28	0.44			41/64"	0.64063	13.02	1.08
17/64"	0.26563	5.40	0.45				0.65000	13.21	1.10
	0.27000	5.49	0.46			21/32"	0.65625	13.34	1.11
	0.28000	5.69	0.47				0.66000	13.41	1.12
9/32"	0.28125	5.72	0.48	1 ga			0.67000	13.61	1.13
	0.29000	5.89	0.49			43/64"	0.67188	13.65	1.14
19/64"	0.29688	6.03	0.50				0.68000	13.82	1.15
	0.30000	6.10	0.51			11/16"	0.68750	13.97	1.16
	0.31000	6.30	0.52				0.69000	14.02	1.17
5/16"	0.31250	6.35	0.53				0.70000	14.22	1.19

45/64"	0.70313	14.29	1.19				0.04921	1.00	0.08
	0.70000	14.22	1.19				0.09843	2.00	0.17
	0.71000	14.43	1.20				0.14764	3.00	0.25
23/32"	0.71875	14.61	1.22				0.19685	4.00	0.33
	0.72000	14.63	1.22				0.24606	5.00	0.42
	0.73000	14.83	1.24				0.29528	6.00	0.50
47/64"	0.73438	14.92	1.24				0.34449	7.00	0.58
	0.74000	15.04	1.25				0.39370	8.00	0.67
3/4"	0.75000	15.24	1.27				0.44291	9.00	0.75
	0.76000	15.44	1.29				0.49213	10.00	0.83
49/64"	0.76563	15.56	1.30				0.54134	11.00	0.92
	0.77000	15.65	1.30				0.59055	12.00	1.00
	0.78000	15.85	1.32				0.63976	13.00	1.08
25/32"	0.78125	15.88	1.32				0.68898	14.00	1.17
	0.79000	16.05	1.34				0.73819	15.00	1.25
51/64"	0.79688	16.19	1.35				0.78740	16.00	1.33
	0.80000	16.26	1.35				0.83661	17.00	1.42
	0.81000	16.46	1.37				0.88583	18.00	1.50
13/16"	0.81250	16.51	1.38				0.93504	19.00	1.58
	0.82000	16.66	1.39				0.98425	20.00	1.67
53/64"	0.82813	16.83	1.40				1.03346	21.00	1.75
	0.83000	16.87	1.41				1.08268	22.00	1.83
	0.84000	17.07	1.42				1.13189	23.00	1.92
27/32"	0.84375	17.15	1.43				1.18110	24.00	2.00
	0.85000	17.27	1.44				1.23031	25.00	2.08
55/64"	0.85938	17.46	1.46				1.27953	26.00	2.17
	0.86000	17.48	1.46				1.32874	27.00	2.25
	0.87000	17.68	1.47				1.37795	28.00	2.33
7/8"	0.87500	17.78	1.48				1.42717	29.00	2.42
	0.88000	17.88	1.49				1.47638	30.00	2.50
	0.89000	18.08	1.51				1.52559	31.00	2.58
57/64"	0.89063	18.10	1.51				1.57480	32.00	2.67
	0.90000	18.29	1.52				1.62402	33.00	2.75
29/32"	0.90625	18.42	1.53				1.67323	34.00	2.83
	0.91000	18.49	1.54				1.72244	35.00	2.92
	0.92000	18.69	1.56				1.77165	36.00	3.00
59/64"	0.92188	18.73	1.56				1.82087	37.00	3.08
	0.93000	18.90	1.57				1.87008	38.00	3.17
15/16"	0.93750	19.05	1.59				1.91929	39.00	3.25
	0.94000	19.10	1.59				1.96850	40.00	3.33
	0.95000	19.30	1.61				2.01772	41.00	3.42
61/64"	0.95313	19.37	1.61				2.06693	42.00	3.50
	0.96000	19.51	1.63				2.11614	43.00	3.58
31/32"	0.96875	19.69	1.64				2.16535	44.00	3.67
	0.97000	19.71	1.64				2.21457	45.00	3.75
	0.98000	19.91	1.66				2.26378	46.00	3.83
63/64"	0.98438	20.00	1.67				2.31299	47.00	3.92
	0.99000	20.12	1.68				2.36220	48.00	4.00
1"	1.00000	20.32	1.69				2.41142	49.00	4.08
	1.12500	22.86	1.91				2.46063	50.00	4.17
1 1/4"	1.25000	25.40	2.12				2.50984	51.00	4.25
	1.37500	27.94	2.33				2.55906	52.00	4.33
1 1/2"	1.50000	30.48	2.54				2.60827	53.00	4.42
	1.62500	33.02	2.75				2.65748	54.00	4.50
1 3/4"	1.75000	35.56	2.96				2.70669	55.00	4.58
	1.87500	38.10	3.18				2.75591	56.00	4.67
2"	2.00000	40.64	3.39				2.80512	57.00	4.75
	2.25000	45.72	3.81				2.85433	58.00	4.83
2 1/2"	2.50000	50.80	4.23				2.90354	59.00	4.92
	2.75000	55.88	4.66				2.95276	60.00	5.00
3"	3.00000	60.96	5.08				3.00197	61.00	5.08
4"	4.00000	81.28	6.77				3.05118	62.00	5.17
5"	5.00000	101.60	8.47				3.10039	63.00	5.25
6"	6.00000	121.92	10.16				3.14961	64.00	5.33

