Decimal Conversions    G scale													
Decimal	Scale		Decimal	Scale		Decimal	Scale	Scale		Decimal	Scale	Scale	
Measure	Inches		Measure	Inches		Measure	Inches	Feet		Measure	Inches	Feet	
0.001	0.02		0.051	1.15		0.110	2.48	0.21		0.610	13.73	1.14	
0.002	0.05		0.052	1.17		0.120	2.70	0.23		0.620	13.95	1.16	
0.003	0.07		0.053	1.19		0.130	2.93	0.24		0.630	14.18	1.18	
0.004	0.09		0.054	1.22		0.140	3.15	0.26		0.640	14.40	1.20	
0.005	0.11		0.055	1.24		0.150	3.38	0.28		0.650	14.63	1.22	
0.006	0.14		0.056	1.26		0.160	3.60	0.30		0.660	14.85	1.24	
0.007	0.16		0.057	1.28		0.170	3.83	0.32		0.670	15.08	1.26	
0.008	0.18		0.058	1.31		0.180	4.05	0.34		0.680	15.30	1.28	
0.009	0.20		0.059	1.33		0.190	4.28	0.36		0.690	15.53	1.29	
0.010	0.23		0.060	1.35		0.200	4.50	0.38		0.700	15.75	1.31	
0.011	0.25		0.061	1.37		0.210	4.73	0.39		0.710	15.98	1.33	
0.012	0.27		0.062	1.40		0.220	4.95	0.41		0.720	16.20	1.35	
0.013	0.29		0.063	1.42		0.230	5.18	0.43		0.730	16.43	1.37	
0.014	0.32		0.064	1.44		0.240	5.40	0.45		0.740	16.65	1.39	
0.015	0.34		0.065	1.46		0.250	5.63	0.47		0.750	16.88	1.41	
0.016	0.36		0.066	1.49		0.260	5.85	0.49		0.760	17.10	1.43	
0.017	0.38		0.067	1.51		0.270	6.08	0.51		0.770	17.33	1.44	
0.018	0.41		0.068	1.53		0.280	6.30	0.53		0.780	17.55	1.46	
0.019	0.43		0.069	1.55		0.290	6.53	0.54		0.790	17.78	1.48	
0.020	0.45		0.070	1.58		0.300	6.75	0.56		0.800	18.00	1.50	
0.021	0.47		0.071	1.60		0.310	6.98	0.58		0.810	18.23	1.52	
0.022	0.50		0.072	1.62		0.320	7.20	0.60		0.820	18.45	1.54	
0.023	0.52		0.073	1.64		0.330	7.43	0.62		0.830	18.68	1.56	
0.024	0.54		0.074	1.67		0.340	7.65	0.64		0.840	18.90	1.58	
0.025	0.56		0.075	1.69		0.350	7.88	0.66		0.850	19.13	1.59	
0.026	0.59		0.076	1.71		0.360	8.10	0.68		0.860	19.35	1.61	
0.027	0.61		0.077	1.73		0.370	8.33	0.69		0.870	19.58	1.63	
0.028	0.63		0.078	1.76		0.380	8.55	0.71		0.880	19.80	1.65	
0.029	0.65		0.079	1.78		0.390	8.78	0.73		0.890	20.03	1.67	
0.030	0.68		0.080	1.80		0.400	9.00	0.75		0.900	20.25	1.69	
0.031	0.70		0.081	1.82		0.410	9.23	0.77		0.910	20.48	1.71	
0.032	0.72		0.082	1.85		0.420	9.45	0.79		0.920	20.70	1.73	
0.033	0.74		0.083	1.87		0.430	9.68	0.81		0.930	20.93	1.74	
0.034	0.77		0.084	1.89		0.440	9.90	0.83		0.940	21.15	1.76	
0.035	0.79		0.085	1.91		0.450	10.13	0.84		0.950	21.38	1.78	
0.036	0.81		0.086	1.94		0.460	10.35	0.86		0.960	21.60	1.80	
0.037	0.83		0.087	1.96		0.470	10.58	0.88		0.970	21.83	1.82	
0.038	0.86		0.088	1.98		0.480	10.80	0.90		0.980	22.05	1.84	
0.039	0.88		0.089	2.00		0.490	11.03	0.92		0.990	22.28	1.86	
0.040	0.90		0.090	2.03		0.500	11.25	0.94		1.000	22.50	1.88	
0.041	0.92		0.091	2.05		0.510	11.48	0.96		2.000	45.00	3.75	
0.042	0.95		0.092	2.07		0.520	11.70	0.98		3.000	67.50	5.63	
0.043	0.97		0.093	2.09		0.530	11.93	0.99		4.000	90.00	7.50	
0.044	0.99		0.094	2.12		0.540	12.15	1.01		5.000	112.50	9.38	
0.045	1.01		0.095	2.14		0.550	12.38	1.03		6.000	135.00	11.25	
0.046	1.04		0.096	2.16		0.560	12.60	1.05		7.000	157.50	13.13	
0.047	1.06		0.097	2.18		0.570	12.83	1.07		8.000	180.00	15.00	
0.048	1.08		0.098	2.21		0.580	13.05	1.09		9.000	202.50	16.88	
0.049	1.10		0.099	2.23		0.590	13.28	1.11		10.000	225.00	18.75	
0.050	1.13		0.100	2.25		0.600	13.50	1.13		12.000	270.00	22.50	