inches	dec. inches	G scale inches	G scale feet	wire gage		inches	dec. inches	G scale inches	G scale feet	wire gage
	0.0005	0.01	0.00094				0.32	7.20	0.60000	
	0.002	0.05	0.00375			21/64"	0.32813	7.38	0.61523	0 ga
	0.004	0.09	0.00750				0.33	7.43	0.61875	
	0.005	0.11	0.00938	36 ga			0.34	7.65	0.63750	
	0.00625	0.14	0.01172	34 ga		11/32"	0.34375	7.73	0.64453	00 ga
	0.0075	0.17	0.01406	33 ga			0.35	7.88	0.65625	
	0.009	0.20	0.01688	31 ga		23/64"	0.35938	8.09	0.67383	
	0.01	0.23	0.01875	30 ga			0.36	8.10	0.67500	
	0.0125	0.28	0.02344	28 ga			0.37	8.33	0.69375	
	0.015	0.34	0.02813	27 ga		3/8"	0.375	8.44	0.70313	000 ga
1/64"	0.015625	0.35	0.02930	26 ga			0.38	8.55	0.71250	
	0.02	0.45	0.03750	24 ga			0.39	8.78	0.73125	
	0.025	0.56	0.04688	22 ga		25/64"	0.39063	8.79	0.73242	
	0.03	0.68	0.05625	21 ga			0.4	9.00	0.75000	
1/32"	0.03125	0.70	0.05859	20 ga		13/32"	0.40625	9.14	0.76172	0000 ga
	0.035	0.79	0.06563	19 ga			0.41	9.23	0.76875	
	0.0375	0.84	0.07031	19 ga			0.42	9.45	0.78750	
	0.04	0.90	0.07500	18 ga		27/64"	0.42188	9.49	0.79102	
3/64"	0.046875	1.05	0.08789	17 ga			0.43	9.68	0.80625	
	0.05	1.13	0.09375	16 ga		7/16"	0.4375	9.84	0.82031	00000 ga
	0.06	1.35	0.11250	15 ga			0.44	9.90	0.82500	
1/16"	0.0625	1.41	0.11719	14 ga			0.45	10.13	0.84375	
	0.07	1.58	0.13125	13 ga		29/64"	0.45313	10.20	0.84961	
5/64"	0.078125	1.76	0.14648				0.46	10.35	0.86250	
	0.08	1.80	0.15000	12 ga		15/32"	0.46875	10.55	0.87891	000000 ga
	0.09	2.03	0.16875	11 ga			0.47	10.58	0.88125	
3/32"	0.09375	2.11	0.17578				0.48	10.80	0.90000	
	0.1	2.25	0.18750	10 ga		31/64"	0.48438	10.90	0.90820	
7/64"	0.109375	2.46	0.20508				0.49	11.03	0.91875	
	0.11	2.48	0.20625	9 ga		1/2"	0.5	11.25	0.93750	0000000 ga
	0.12	2.70	0.22500				0.51	11.48	0.95625	
1/8"	0.125	2.81	0.23438	8 ga		33/64"	0.51563	11.60	0.96680	
	0.13	2.93	0.24375				0.52	11.70	0.97500	
	0.14	3.15	0.26250				0.53	11.93	0.99375	
9/64"	0.140625	3.16	0.26367	7 ga		17/32"	0.53125	11.95	0.99609	
	0.15	3.38	0.28125				0.54	12.15	1.01250	
5/32"	0.15625	3.52	0.29297			35/64"	0.54688	12.30	1.02539	
	0.16	3.60	0.30000	6 ga			0.55	12.38	1.03125	
	0.17	3.83	0.31875				0.56	12.60	1.05000	
11/64"	0.171875	3.87	0.32227			9/16"	0.5625	12.66	1.05469	
	0.18	4.05	0.33750	5 ga			0.57	12.83	1.06875	
3/16"	0.1875	4.22	0.35156			37/64"	0.57813	13.01	1.08398	
	0.19	4.28	0.35625				0.58	13.05	1.08750	
	0.2	4.50	0.37500				0.59	13.28	1.10625	
13/64"	0.203125	4.57	0.38086	4 ga		19/32"	0.59375	13.36	1.11328	
	0.21	4.73	0.39375				0.6	13.50	1.12500	
7/32"	0.21875	4.92	0.41016			39/64"	0.60938	13.71	1.14258	
	0.22	4.95	0.41250	3 ga			0.61	13.73	1.14375	
	0.23	5.18	0.43125				0.62	13.95	1.16250	
15/64"	0.234375	5.27	0.43945			5/8"	0.625	14.06	1.17188	
	0.24	5.40	0.45000				0.63	14.18	1.18125	
1/4"	0.25	5.63	0.46875	2 ga			0.64	14.40	1.20000	
	0.26	5.85	0.48750			41/64"	0.64063	14.41	1.20117	
17/64"	0.265625	5.98	0.49805				0.65	14.63	1.21875	
	0.27	6.08	0.50625			21/32"	0.65625	14.77	1.23047	
	0.28	6.30	0.52500				0.66	14.85	1.23750	
9/32"	0.28125	6.33	0.52734	1 ga			0.67	15.08	1.25625	
	0.29	6.53	0.54375			43/64"	0.67188	15.12	1.25977	
19/64"	0.296875	6.68	0.55664				0.68	15.30	1.27500	
	0.3	6.75	0.56250			11/16"	0.6875	15.47	1.28906	
	0.31	6.98	0.58125				0.69	15.53	1.29375	
5/16"	0.3125	7.03	0.58594				0.7	15.75	1.31250	
										
										
45/64"	0.703125	15.82	1.31836				0.04444	1.0	0.083	
	0.7	15.75	1.31250				0.08889	2.0	0.167	
	0.71	15.98	1.33125				0.13333	3.0	0.250	
23/32"	0.71875	16.17	1.34766				0.17778	4.0	0.333	
	0.72	16.20	1.35000				0.22222	5.0	0.417	
	0.73	16.43	1.36875				0.26667	6.0	0.500	
47/64"	0.734375	16.52	1.37695				0.31111	7.0	0.583	
	0.74	16.65	1.38750				0.35556	8.0	0.667	
3/4"	0.75	16.88	1.40625				0.4	9.0	0.750	
	0.76	17.10	1.42500				0.44444	10.0	0.833	
49/64"	0.765625	17.23	1.43555				0.48889	11.0	0.917	
	0.77	17.33	1.44375				0.53333	12.0	1.000	
	0.78	17.55	1.46250				0.57778	13.0	1.083	
25/32"	0.78125	17.58	1.46484				0.62222	14.0	1.167	
	0.79	17.78	1.48125				0.66667	15.0	1.250	
51/64"	0.796875	17.93	1.49414				0.71111	16.0	1.333	
	0.8	18.00	1.50000				0.75556	17.0	1.417	
	0.81	18.23	1.51875				0.8	18.0	1.500	
13/16"	0.8125	18.28	1.52344				0.84444	19.0	1.583	
	0.82	18.45	1.53750				0.88889	20.0	1.667	
53/64"	0.828125	18.63	1.55273				0.93333	21.0	1.750	
	0.83	18.68	1.55625				0.97778	22.0	1.833	
	0.84	18.90	1.57500				1.02222	23.0	1.917	
27/32"	0.84375	18.98	1.58203				1.06667	24.0	2.000	
	0.85	19.13	1.59375				1.11111	25.0	2.083	
55/64"	0.859375	19.34	1.61133				1.15556	26.0	2.167	
	0.86	19.35	1.61250				1.2	27.0	2.250	
	0.87	19.58	1.63125				1.24444	28.0	2.333	
7/8"	0.875	19.69	1.64063				1.28889	29.0	2.417	
	0.88	19.80	1.65000				1.33333	30.0	2.500	
	0.89	20.03	1.66875				1.37778	31.0	2.583	
57/64"	0.890625	20.04	1.66992				1.42222	32.0	2.667	
	0.9	20.25	1.68750				1.46667	33.0	2.750	
29/32"	0.90625	20.39	1.69922				1.51111	34.0	2.833	
	0.91	20.48	1.70625				1.55556	35.0	2.917	
	0.92	20.70	1.72500				1.6	36.0	3.000	
59/64"	0.921875	20.74	1.72852				1.64444	37.0	3.083	
	0.93	20.93	1.74375				1.68889	38.0	3.167	
15/16"	0.9375	21.09	1.75781				1.73333	39.0	3.250	
	0.94	21.15	1.76250				1.77778	40.0	3.333	
	0.95	21.38	1.78125				1.82222	41.0	3.417	
61/64"	0.953125	21.45	1.78711				1.86667	42.0	3.500	
	0.96	21.60	1.80000				1.91111	43.0	3.583	
31/32"	0.96875	21.80	1.81641				1.95556	44.0	3.667	
	0.97	21.83	1.81875				2	45.0	3.750	
	0.98	22.05	1.83750				2.04444	46.0	3.833	
63/64"	0.984375	22.15	1.84570				2.08889	47.0	3.917	
	0.99	22.28	1.85625				2.13333	48.0	4.000	
1"	1	22.50	1.87500				2.17778	49.0	4.083	
	1.125	25.31	2.10938				2.22222	50.0	4.167	
1 1/4"	1.25	28.13	2.34375				2.26667	51.0	4.250	
	1.375	30.94	2.57813				2.31111	52.0	4.333	
1 1/2"	1.5	33.75	2.81250				2.35556	53.0	4.417	
	1.625	36.56	3.04688				2.4	54.0	4.500	
1 3/4"	1.75	39.38	3.28125				2.44444	55.0	4.583	
	1.875	42.19	3.51563				2.48889	56.0	4.667	
2"	2	45.00	3.75000				2.53333	57.0	4.750	
	2.25	50.63	4.21875				2.57778	58.0	4.833	
2 1/2"	2.5	56.25	4.68750				2.62222	59.0	4.917	
	2.75	61.88	5.15625				2.66667	60.0	5.000	
3"	3	67.50	5.62500				2.71111	61.0	5.083	
4"	4	90.00	7.50000				2.75556	62.0	5.167	
5"	5	112.50	9.37500				2.8	63.0	5.250	
6"	6	135.00	11.25000				2.84444	64.0	5.333	
