dec. inches	N scale inches	N scale feet		dec. inches	N scale inches	N scale feet		dec. inches	N scale inches	N scale feet
0.0001	0.0160	0.0013		0.0056	0.8960	0.0747		0.0111	1.7760	0.1480
0.0002	0.0320	0.0027		0.0057	0.9120	0.0760		0.0112	1.7920	0.1493
0.0003	0.0480	0.0040		0.0058	0.9280	0.0773		0.0113	1.8080	0.1507
0.0004	0.0640	0.0053		0.0059	0.9440	0.0787		0.0114	1.8240	0.1520
0.0005	0.0800	0.0067		0.0060	0.9600	0.0800		0.0115	1.8400	0.1533
0.0007	0.1040	0.0087		0.0061	0.9760	0.0813		0.0116	1.8560	0.1547
0.0007	0.1120	0.0093		0.0062	0.9920	0.0827		0.0117	1.8720	0.1560
0.0008	0.1280	0.0107		0.0063	1.0000	0.0833		0.0118	1.8880	0.1573
0.0009	0.1440	0.0120		0.0064	1.0240	0.0853		0.0119	1.9040	0.1587
0.0010	0.1600	0.0133		0.0065	1.0400	0.0867		0.0120	1.9200	0.1600
0.0011	0.1760	0.0147		0.0066	1.0560	0.0880		0.0121	1.9360	0.1613
0.0012	0.1920	0.0160		0.0067	1.0720	0.0893		0.0122	1.9520	0.1627
0.0013	0.2080	0.0173		0.0068	1.0880	0.0907		0.0123	1.9680	0.1640
0.0014	0.2240	0.0187		0.0069	1.1040	0.0920		0.0124	1.9840	0.1653
0.0015	0.2400	0.0200		0.0070	1.1200	0.0933		0.0125	2.0000	0.1667
0.0016	0.2560	0.0213		0.0071	1.1360	0.0947		0.0126	2.0160	0.1680
0.0017	0.2720	0.0227		0.0072	1.1520	0.0960		0.0127	2.0320	0.1693
0.0018	0.2880	0.0240		0.0073	1.1680	0.0973		0.0128	2.0480	0.1707
0.0019	0.3040	0.0253		0.0074	1.1840	0.0987		0.0129	2.0640	0.1720
0.0020	0.3200	0.0267		0.0075	1.2000	0.1000		0.0130	2.0800	0.1733
0.0021	0.3360	0.0280		0.0076	1.2160	0.1013		0.0131	2.0960	0.1747
0.0022	0.3520	0.0293		0.0077	1.2320	0.1027		0.0132	2.1120	0.1760
0.0023	0.3680	0.0307		0.0078	1.2480	0.1040		0.0133	2.1280	0.1773
0.0024	0.3840	0.0320		0.0079	1.2640	0.1053		0.0134	2.1440	0.1787
0.0025	0.4000	0.0333		0.0080	1.2800	0.1067		0.0135	2.1600	0.1800
0.0026	0.4160	0.0347		0.0081	1.2960	0.1080		0.0136	2.1760	0.1813
0.0027	0.4320	0.0360		0.0082	1.3120	0.1093		0.0137	2.1920	0.1827
0.0028	0.4480	0.0373		0.0083	1.3280	0.1107		0.0138	2.2080	0.1840
0.0029	0.4640	0.0387		0.0084	1.3440	0.1120		0.0139	2.2240	0.1853
0.0030	0.4800	0.0400		0.0085	1.3600	0.1133		0.0140	2.2400	0.1867
0.0031	0.4960	0.0413		0.0086	1.3760	0.1147		0.0141	2.2560	0.1880
0.0032	0.5120	0.0427		0.0087	1.3920	0.1160		0.0142	2.2720	0.1893
0.0033	0.5280	0.0440		0.0088	1.4080	0.1173		0.0143	2.2880	0.1907
0.0034	0.5440	0.0453		0.0089	1.4240	0.1187		0.0144	2.3040	0.1920
0.0035	0.5600	0.0467		0.0090	1.4400	0.1200		0.0145	2.3200	0.1933
0.0036	0.5760	0.0480		0.0091	1.4560	0.1213		0.0146	2.3360	0.1947
0.0037	0.5920	0.0493		0.0092	1.4720	0.1227		0.0147	2.3520	0.1960
0.0038	0.6080	0.0507		0.0093	1.4880	0.1240		0.0148	2.3680	0.1973
0.0039	0.6240	0.0520		0.0094	1.5040	0.1253		0.0149	2.3840	0.1987
0.0040	0.6400	0.0533		0.0095	1.5200	0.1267		0.0150	2.4000	0.2000
0.0041	0.6560	0.0547		0.0096	1.5360	0.1280		0.0151	2.4160	0.2013
0.0042	0.6720	0.0560		0.0097	1.5520	0.1293		0.0152	2.4320	0.2027
0.0043	0.6880	0.0573		0.0098	1.5680	0.1307		0.0153	2.4480	0.2040
0.0044	0.7040	0.0587		0.0099	1.5840	0.1320		0.0154	2.4640	0.2053
0.0045	0.7200	0.0600		0.0100	1.6000	0.1333		0.0155	2.4800	0.2067
0.0046	0.7360	0.0613		0.0101	1.6160	0.1347		0.0156	2.4960	0.2080
0.0047	0.7520	0.0627		0.0102	1.6320	0.1360		0.0157	2.5120	0.2093
0.0048	0.7680	0.0640		0.0103	1.6480	0.1373		0.0158	2.5280	0.2107
0.0049	0.7840	0.0653		0.0104	1.6640	0.1387		0.0159	2.5440	0.2120
0.0050	0.8000	0.0667		0.0105	1.6800	0.1400		0.0160	2.5600	0.2133
0.0051	0.8160	0.0680		0.0106	1.6960	0.1413		0.0161	2.5760	0.2147
0.0052	0.8320	0.0693		0.0107	1.7120	0.1427		0.0162	2.5920	0.2160
0.0053	0.8480	0.0707		0.0108	1.7280	0.1440		0.0163	2.6080	0.2173
0.0054	0.8640	0.0720		0.0109	1.7440	0.1453		0.0164	2.6240	0.2187
0.0055	0.8800	0.0733		0.0110	1.7600	0.1467		0.0165	2.6400	0.2200