Decimal Conversions    O scale													
Decimal	Scale		Decimal	Scale		Decimal	Scale	Scale		Decimal	Scale	Scale	
Measure	Inches		Measure	Inches		Measure	Inches	Feet		Measure	Inches	Feet	
0.001	0.05		0.051	2.45		0.110	5.28	0.44		0.610	29.28	2.44	
0.002	0.10		0.052	2.50		0.120	5.76	0.48		0.620	29.76	2.48	
0.003	0.14		0.053	2.54		0.130	6.24	0.52		0.630	30.24	2.52	
0.004	0.19		0.054	2.59		0.140	6.72	0.56		0.640	30.72	2.56	
0.005	0.24		0.055	2.64		0.150	7.20	0.60		0.650	31.20	2.60	
0.006	0.29		0.056	2.69		0.160	7.68	0.64		0.660	31.68	2.64	
0.007	0.34		0.057	2.74		0.170	8.16	0.68		0.670	32.16	2.68	
0.008	0.38		0.058	2.78		0.180	8.64	0.72		0.680	32.64	2.72	
0.009	0.43		0.059	2.83		0.190	9.12	0.76		0.690	33.12	2.76	
0.010	0.48		0.060	2.88		0.200	9.60	0.80		0.700	33.60	2.80	
0.011	0.53		0.061	2.93		0.210	10.08	0.84		0.710	34.08	2.84	
0.012	0.58		0.062	2.98		0.220	10.56	0.88		0.720	34.56	2.88	
0.013	0.62		0.063	3.02		0.230	11.04	0.92		0.730	35.04	2.92	
0.014	0.67		0.064	3.07		0.240	11.52	0.96		0.740	35.52	2.96	
0.015	0.72		0.065	3.12		0.250	12.00	1.00		0.750	36.00	3.00	
0.016	0.77		0.066	3.17		0.260	12.48	1.04		0.760	36.48	3.04	
0.017	0.82		0.067	3.22		0.270	12.96	1.08		0.770	36.96	3.08	
0.018	0.86		0.068	3.26		0.280	13.44	1.12		0.780	37.44	3.12	
0.019	0.91		0.069	3.31		0.290	13.92	1.16		0.790	37.92	3.16	
0.020	0.96		0.070	3.36		0.300	14.40	1.20		0.800	38.40	3.20	
0.021	1.01		0.071	3.41		0.310	14.88	1.24		0.810	38.88	3.24	
0.022	1.06		0.072	3.46		0.320	15.36	1.28		0.820	39.36	3.28	
0.023	1.10		0.073	3.50		0.330	15.84	1.32		0.830	39.84	3.32	
0.024	1.15		0.074	3.55		0.340	16.32	1.36		0.840	40.32	3.36	
0.025	1.20		0.075	3.60		0.350	16.80	1.40		0.850	40.80	3.40	
0.026	1.25		0.076	3.65		0.360	17.28	1.44		0.860	41.28	3.44	
0.027	1.30		0.077	3.70		0.370	17.76	1.48		0.870	41.76	3.48	
0.028	1.34		0.078	3.74		0.380	18.24	1.52		0.880	42.24	3.52	
0.029	1.39		0.079	3.79		0.390	18.72	1.56		0.890	42.72	3.56	
0.030	1.44		0.080	3.84		0.400	19.20	1.60		0.900	43.20	3.60	
0.031	1.49		0.081	3.89		0.410	19.68	1.64		0.910	43.68	3.64	
0.032	1.54		0.082	3.94		0.420	20.16	1.68		0.920	44.16	3.68	
0.033	1.58		0.083	3.98		0.430	20.64	1.72		0.930	44.64	3.72	
0.034	1.63		0.084	4.03		0.440	21.12	1.76		0.940	45.12	3.76	
0.035	1.68		0.085	4.08		0.450	21.60	1.80		0.950	45.60	3.80	
0.036	1.73		0.086	4.13		0.460	22.08	1.84		0.960	46.08	3.84	
0.037	1.78		0.087	4.18		0.470	22.56	1.88		0.970	46.56	3.88	
0.038	1.82		0.088	4.22		0.480	23.04	1.92		0.980	47.04	3.92	
0.039	1.87		0.089	4.27		0.490	23.52	1.96		0.990	47.52	3.96	
0.040	1.92		0.090	4.32		0.500	24.00	2.00		1.000	48.00	4.00	
0.041	1.97		0.091	4.37		0.510	24.48	2.04		2.000	96.00	8.00	
0.042	2.02		0.092	4.42		0.520	24.96	2.08		3.000	144.00	12.00	
0.043	2.06		0.093	4.46		0.530	25.44	2.12		4.000	192.00	16.00	
0.044	2.11		0.094	4.51		0.540	25.92	2.16		5.000	240.00	20.00	
0.045	2.16		0.095	4.56		0.550	26.40	2.20		6.000	288.00	24.00	
0.046	2.21		0.096	4.61		0.560	26.88	2.24		7.000	336.00	28.00	
0.047	2.26		0.097	4.66		0.570	27.36	2.28		8.000	384.00	32.00	
0.048	2.30		0.098	4.70		0.580	27.84	2.32		9.000	432.00	36.00	
0.049	2.35		0.099	4.75		0.590	28.32	2.36		10.000	480.00	40.00	
0.050	2.40		0.100	4.80		0.600	28.80	2.40		12.000	576.00	48.00	