PLASTRUCT SQUARE ROD                                        ABS is Dark Gray. Styrene is White
            Styrene Square Rod 
                                                                                    Scale Inches
                                     1:220      1:160       1:87.1      1:64        1:48         1:32       1:22.5     1:20.3
Code       Descr.      actual in.      Z           N          HO          S           O           #1         Gnm         Gn3
MS-20       H           0.02          4.4         3.2        1.742       1.280       0.96        0.64       0.45        0.406
            W           0.02          4.4         3.2        1.742       1.280       0.96        0.64       0.45        0.406

MS-30       H           0.03          6.6         4.8        2.613       1.920       1.44        0.96       0.675       0.609
            W           0.03          6.6         4.8        2.613       1.920       1.44        0.96       0.675       0.609

MS-40       H           0.04          8.8         6.4        3.484       2.560       1.92        1.28       0.9         0.812
            W           0.04          8.8         6.4        3.484       2.560       1.92        1.28       0.9         0.812

MS-60       H           0.06         13.2         9.6        5.226       3.840       2.88        1.92       1.35        1.218
            W           0.06         13.2         9.6        5.226       3.840       2.88        1.92       1.35        1.218

MS-80       H           0.08         17.6        12.8        6.968       5.120       3.84        2.56       1.8         1.624
            W           0.08         17.6        12.8        6.968       5.120       3.84        2.56       1.8         1.624

MS-100      H           0.1          22.0        16.0        8.71        6.4         4.8         3.2        2.25        2.03 
            W           0.1          22.0        16.0        8.71        6.4         4.8         3.2        2.25        2.03 

MS-125      H           0.125        27.5        20.0       10.888       8.0         6.0         4.0        2.813       2.538
            W           0.125        27.5        20.0       10.888       8.0         6.0         4.0        2.813       2.538

MS-160      H           0.156        34.32       24.96      13.588       9.984       7.488       4.992      3.51        3.167
            W           0.156        34.32       24.96      13.588       9.984       7.488       4.992      3.51        3.167

MS-190      H           0.187        41.14       29.92      16.288      11.968       8.976       5.984      4.208       3.796
            W           0.187        41.14       29.92      16.288      11.968       8.976       5.984      4.208       3.796

MS-250      H           0.25         55.0        40.0       21.775      16.0         12.0        8.0        5.625       5.075
            W           0.25         55.0        40.0       21.775      16.0         12.0        8.0        5.625       5.075

            Styrene Rectangular Strip 
                                                                                    Scale Inches
                                     1:220      1:160       1:87.1      1:64        1:48         1:32       1:22.5     1:20.3
Code       Descr.      actual in.      Z           N          HO          S           O           #1         Gnm         Gn3
MS-203      H           0.02          4.4         3.2        1.742       1.28        0.96        0.64       0.45        0.406
            W           0.03          6.6         4.8        2.613       1.92        1.44        0.96       0.675       0.609

MS-204      H           0.02          4.4         3.2        1.742       1.28        0.96        0.64       0.45        0.406
            W           0.04          8.8         6.4        3.484       2.56        1.92        1.28       0.9         0.812

MS-206      H           0.02          4.4         3.2        1.742       1.28        0.96        0.64       0.45        0.406
            W           0.06         13.2         9.6        5.226       3.84        2.88        1.92       1.35        1.218

MS-208      H           0.02          4.4         3.2        1.742       1.28        0.96        0.64       0.45        0.406
            W           0.08         17.6        12.8        6.968       5.12        3.84        2.56       1.8         1.624

MS-210      H           0.02          4.4         3.2        1.742       1.28        0.96        0.64       0.45        0.406
            W           0.1          22.0        16.0        8.710        6.4        4.8         3.2        2.25        2.03

MS-212      H           0.02          4.4         3.2        1.742       1.28        0.96        0.64       0.45        0.406
            W           0.125        27.5        20.0       10.888       8.0         6.0         4.0        2.813       2.538

MS-216      H           0.02          4.4         3.2        1.742       1.28        0.96        0.64       0.45        0.406
            W           0.156        34.32       24.96      13.588       9.984       7.488       4.992      3.510       3.167

MS-219      H           0.02          4.4         3.2        1.742       1.28        0.96        0.64       0.45        0.406
            W           0.187        41.14       29.92      16.288      11.968       8.976       5.984      4.208       3.796

MS-225      H           0.02          4.4         3.2        1.742       1.28        0.96        0.64       0.45        0.406
            W           0.25         55.0        40.0       21.775      16.0        12.0         8.0        5.625       5.075

MS-304      H           0.03          6.6         4.8        2.613       1.92        1.44        0.96       0.675       0.609
            W           0.04          8.8         6.4        3.484       2.56        1.92        1.28       0.9         0.812

MS-306      H           0.03          6.6         4.8        2.613       1.92        1.44        0.96       0.675       0.609
            W           0.06         13.2         9.6        5.226       3.84        2.88        1.92       1.35        1.218

MS-308      H           0.03          6.6         4.8        2.613       1.92        1.44        0.96       0.675       0.609
            W           0.08         17.6        12.8        6.968       5.12        3.840       2.56       1.8         1.624

MS-310      H           0.03          6.6         4.8        2.613       1.92        1.44        0.96       0.675       0.609
            W           0.1          22.0        16.0        8.71        6.4         4.8         3.2        2.25        2.03

MS-312      H           0.03          6.6         4.8        2.613       1.92        1.44        0.96       0.675       0.609
            W           0.1250       27.5        20.0       10.888       8.0         6.0         4.0        2.813       2.538

MS-316      H           0.03          6.6         4.8        2.613       1.92        1.44        0.96       0.675       0.609
            W           0.1560       34.32       24.96      13.588       9.984       7.488       4.992      3.51        3.167

MS-319      H           0.03          6.6         4.8        2.613       1.92        1.44        0.96       0.675       0.609
            W           0.1570       34.54       25.12      13.675      10.048       7.536       5.024      3.533       3.187

MS-325      H           0.03          6.6         4.8        2.613       1.92        1.44        0.96       0.675       0.609
            W           0.25         55.0        40.0       21.775      16.0        12.0         8.0        5.625       5.075

MS-406      H           0.04          8.8         6.4        3.484       2.56        1.92        1.28       0.9         0.812
            W           0.06         13.2         9.6        5.226       3.84        2.88        1.92       1.35        1.218

MS-408      H           0.04          8.8         6.4        3.484       2.56        1.92        1.28       0.9         0.812
            W           0.06         13.2         9.6        5.226       3.84        2.88        1.92       1.35        1.218

MS-410      H           0.04          8.8         6.4        3.484       2.56        1.92        1.28       0.9         0.812
            W           0.10         22.0        16.0        8.71        6.4         4.8         3.2        2.25        2.03

MS-412      H           0.04          8.8         6.4        3.484       2.56        1.92        1.28       0.9         0.812
            W           0.1250       27.5        20.0       10.888       8.0         6.0         4.0        2.813       2.538

MS-416      H           0.04          8.8         6.4        3.484       2.56        1.92        1.28       0.9         0.812
            W           0.1560       34.32       24.96      13.588       9.984       7.488       4.992      3.510       3.167

MS-419      H           0.04          8.8         6.4        3.484       2.56        1.92        1.28       0.9         0.812
            W           0.1870       41.14       29.92      16.288      11.968       8.976       5.984      4.208       3.796

MS-425      H           0.04          8.8         6.4        3.484       2.56        1.92        1.28       0.9         0.812
            W           0.25         55.0        40.0       21.775      16.0        12.0         8.0        5.625       5.075

MS-608      H           0.06         13.2         9.6        5.226       3.84        2.88        1.92       1.35        1.218
            W           0.08         17.6        12.8        6.968       5.12        3.840       2.56       1.8         1.624

MS-610      H           0.06         13.2         9.6        5.226       3.84        2.88        1.92       1.35        1.218
            W           0.1          22.0        16.0        8.71        6.4         4.8         3.2        2.25        2.03

MS-612      H           0.06         13.2         9.6        5.226       3.84        2.88        1.92       1.35        1.218
            W           0.125        27.5        20.0       10.888       8.0         6.0         4.0        2.813       2.538

MS-616      H           0.06         13.2         9.6        5.226       3.84        2.88        1.92       1.35        1.218
            W           0.156        34.32       24.96      13.588       9.984       7.488       4.992      3.51        3.167

MS-619      H           0.06         13.2         9.6        5.226       3.84        2.88        1.92       1.35        1.218
            W           0.187        41.14       29.92      16.288      11.968       8.976       5.984      4.208       3.796

MS-625      H           0.06         13.2         9.6        5.226       3.84        2.88        1.92       1.35        1.218
            W           0.25         55.0        40.0       21.775      16.0        12.0         8.0        5.625       5.075

MS-810      H           0.08         17.6        12.8        6.968       5.12        3.84        2.56       1.8         1.624
            W           0.1          22.0        16.0        8.71        6.4         4.8         3.2        2.25        2.03

MS-812      H           0.08         17.6        12.8        6.968       5.12        3.84        2.56       1.8         1.624
            W           0.125        27.5        20.0       10.888       8.0         6.0         4.0        2.813       2.538

MS-816      H           0.08         17.6        12.8        6.968       5.12        3.84        2.56       1.8         1.624
            W           0.156        34.32       24.96      13.588       9.984       7.488       4.992      3.51        3.167

MS-819      H           0.08         17.6        12.8        6.968       5.12        3.84        2.56       1.8         1.624
            W           0.187        41.14       29.92      16.288      11.968       8.976       5.984      4.208       3.796

MS-825      H           0.08         17.6        12.8        6.968       5.12        3.84        2.56       1.8         1.624
            W           0.25         55.0        40.0       21.775      16.0        12.0         8.0        5.625       5.075

MS-1012     H           0.1          22.0        16.0        8.71        6.4         4.8         3.2        2.25        2.03
            W           0.125        27.5        20.0       10.888       8.0         6.0         4.0        2.813       2.538

MS-1016     H           0.1          22.0        16.0        8.71        6.4         4.8         3.2        2.25        2.030
            W           0.156        34.32       24.96      13.588       9.984       7.488       4.992      3.51        3.167

MS-1019     H           0.1          22.0        16.0        8.71        6.4         4.8         3.2        2.25        2.03
            W           0.187        41.14       29.92      16.288      11.968       8.976       5.984      4.208       3.796

MS-1025     H           0.1          22.0        16.0        8.71        6.4         4.8         3.2        2.25        2.03
            W           0.25         55.0        40.0       21.775      16.0        12.0         8.0        5.625       5.075

MS-1216     H           0.125        27.5        20.0       10.888       8.0         6.0         4.0        2.813       2.538
            W           0.156        34.32       24.96      13.588       9.984       7.488       4.992      3.51        3.167

MS-1219     H           0.125        27.5        20.0       10.888       8.0         6.0         4.0        2.813       2.538
            W           0.187        41.14       29.92      16.288      11.968       8.976       5.984      4.208       3.796

MS-1225     H           0.125        27.5        20.0       10.888       8.0         6.0         4.0        2.813       2.538
            W           0.25         55.0        40.0       21.775      16.0        12.0         8.0        5.625       5.075

MS-1619     H           0.156        34.32       24.96      13.588       9.984       7.488       4.992      3.51        3.167
            W           0.187        41.14       29.92      16.288      11.968       8.976       5.984      4.208       3.796

MS-1625     H           0.156        34.32       24.96      13.588       9.984       7.488       4.992      3.51        3.167
            W           0.25         55.0        40.0       21.775      16.0        12.0         8.0        5.625       5.075

MS-1925     H           0.187        41.14       29.92      16.288      11.968       8.976       5.984      4.208       3.796
            W           0.25         55.0        40.0       21.775      16.0        12.0         8.0        5.625       5.075

            Clear Acrylic Square Rod
                                                                                    Scale Inches
                                     1:220      1:160       1:87.1      1:64        1:48         1:32       1:22.5     1:20.3
Code       Descr.      actual in.      Z           N          HO          S           O           #1         Gnm         Gn3
ASR-4       H           0.125        27.5        20.0       10.888       8.0         6.0         4.0        2.813       2.538
            W           0.125        27.5        20.0       10.888       8.0         6.0         4.0        2.813       2.538

ASR-6       H           0.1875       41.25       30.0       16.331      12.0         9.0         6.0        4.219       3.806
            W           0.1875       41.25       30.0       16.331      12.0         9.0         6.0        4.219       3.806

ASR-8       H           0.25         55.0        40.0       21.775      16.0        12.0         8.0        5.625       5.075
            W           0.25         55.0        40.0       21.775      16.0        12.0         8.0        5.625       5.075

ASR-12      H           0.375        82.5        60.0       32.663      24.0        18.0        12.0        8.438       7.613
            W           0.375        82.5        60.0       32.663      24.0        18.0        12.0        8.438       7.613

ASR-16      H           0.5         110.0        80.0       43.55       32.0        24.0        16.0       11.25       10.15
            W           0.5         110.0        80.0       43.55       32.0        24.0        16.0       11.25       10.15

ASR-20      H           0.625       137.5       100.0       54.438      40.0        30.0        20.0       14.063      12.688
            W           0.625       137.5       100.0       54.438      40.0        30.0        20.0       14.063      12.688

ASR-24      H           0.75        165.0       120.0       65.325      48.0        36.0        24.0       16.875      15.225
            W           0.75        165.0       120.0       65.325      48.0        36.0        24.0       16.875      15.225

ASR-32      H           1.0         220.0       160.0       87.1        64.0        48.0        32.0       22.5        20.3  
            W           1.0         220.0       160.0       87.1        64.0        48.0        32.0       22.5        20.3  

            Clear Acrylic Spiral Rod
                                                                                    Scale Inches
                                     1:220      1:160       1:87.1      1:64        1:48         1:32       1:22.5     1:20.3
Code       Descr.      actual in.      Z           N          HO          S           O           #1         Gnm         Gn3
ASSR-12     H           0.375        82.5        60.0       32.663      24.0        18.0        12.0        8.438       7.613
            W           0.375        82.5        60.0       32.663      24.0        18.0        12.0        8.438       7.613

ASSR-16     H           0.5         110.0        80.0       43.55       32.0        24.0        16.0        11.25       10.15
            W           0.5         110.0        80.0       43.55       32.0        24.0        16.0        11.25       10.15

ASSR-20     H           0.625       137.5       100.0       54.438      40.0        30.0        20.0        14.063      12.688
            W           0.625       137.5       100.0       54.438      40.0        30.0        20.0        14.063      12.688

ASSR-24     H           0.75        165.0       120.0       65.325      48.0        36.0        24.0        16.875      15.225
            W           0.75        165.0       120.0       65.325      48.0        36.0        24.0        16.875      15.225

ASSR-32     H           1.0         220.0       160.0       87.1        64.0        48.0        32.0        22.5        20.3  
            W           1.0         220.0       160.0       87.1        64.0        48.0        32.0        22.5        20.3  

            Clear Acrylic Rectangular Rod
                                                                                    Scale Inches
                                     1:220      1:160       1:87.1      1:64        1:48         1:32       1:22.5     1:20.3
Code       Descr.      actual in.      Z           N          HO          S           O           #1         Gnm         Gn3
ARR-5       H           0.625       137.5       100.0       54.438      40.0        30.0        20.0       14.063      12.688
            W           0.125        27.5        20.0       10.888       8.0         6.0         4.0        2.813       2.538

ARR-7       H           0.75        165.0       120.0       65.325      48.0        36.0        24.0       16.875      15.225
            W           0.1875       41.25       30.0       16.331      12.0         9.0         6.0        4.219       3.806

ARR-8       H           0.5         110.0        80.0       43.55       32.0        24.0        16.0       11.25       10.15
            W           0.25         55.0        40.0       21.775      16.0        12.0         8.0        5.625       5.075

ARR-9       H           1.0         220.0       160.0       87.1        64.0        48.0        32.0       22.5        20.3
            W           0.25         55.0        40.0       21.775      16.0        12.0         8.0        5.625       5.075

ARR-12      H           1.0         220.0       160.0       87.1        64.0        48.0        32.0       22.5        20.3
            W           0.75        165.0       120.0       65.325      48.0        36.0        24.0       16.875      15.225

            Clear Acrylic Triangular Rod   W = base, H = face length
                                                                                    Scale Inches
                                     1:220      1:160       1:87.1      1:64        1:48         1:32       1:22.5     1:20.3
Code       Descr.      actual in.      Z           N          HO          S           O           #1         Gnm         Gn3
ATR-24      H           0.75        165.0       120.0       65.325      48.0        36.0        24.0       16.875      15.225
            W           1.0         220.0       160.0       87.1        64.0        48.0        32.0       22.5        20.3

ATR-32      H           1.0         220.0       160.0       87.1        64.0        48.0        32.0       22.5        20.3
            W           1.375       302.5       220.0       119.763     88.0        66.0        44.0       30.938      27.913
