PLASTRUCT STRUCTURAL SHAPES                                             ABS is Dark Gray. Styrene is White
            ABS Angle
                                                                                    Scale Inches
                                     1:220      1:160       1:87.1      1:64        1:48         1:32       1:22.5     1:20.3
Code       Descr.      actual in.      Z           N          HO          S           O           #1         Gnm         Gn3
A-1         Height      0.047        10.313       7.5        4.083       3.0         2.25        1.5        1.055       0.952
            Width       0.047        10.313       7.5        4.083       3.0         2.25        1.5        1.055       0.952
            Thickness   0.015         3.3         2.4        1.307       0.96        0.72        0.48       0.338       0.305

A-2         Height      0.063        13.75       10.0        5.444       4.0         3.0         2.0        1.406      1.269
            Width       0.063        13.75       10.0        5.444       4.0         3.0         2.0        1.406      1.269
            Thickness   0.02          4.4         3.2        1.742       1.28        0.96        0.64       0.45       0.406

A-3         Height      0.094        20.625      15.0        8.166       6.0         4.5         3.0        2.109      1.903
            Width       0.094        20.625      15.0        8.166       6.0         4.5         3.0        2.109      1.903
            Thickness   0.025         5.5         4.0        2.178       1.6         1.2         0.8        0.563      0.508

A-4         Height      0.125        27.5        20.0       10.888       8.0         6.0         4.0        2.813       2.538
            Width       0.125        27.5        20.0       10.888       8.0         6.0         4.0        2.813       2.538
            Thickness   0.03          6.6         4.8        2.613       1.92        1.44        0.96       0.675       0.609

A-6         Height      0.188        41.25       30.0       16.331      12.0         9.0         6.0        4.219       3.806
            Width       0.188        41.25       30.0       16.331      12.0         9.0         6.0        4.219       3.806
            Thickness   0.065        14.3        10.4        5.662       4.16        3.12        2.08       1.463       1.32  

A-8         Height      0.25         55.0        40.0       21.775      16.0        12.0         8.0        5.625       5.075
            Width       0.25         55.0        40.0       21.775      16.0        12.0         8.0        5.625       5.075
            Thickness   0.065        14.3        10.4        5.662       4.16        3.12        2.08       1.463       1.32  

A-10        Height      0.313        68.75       50.0       27.219      20.0        15.0        10.0        7.031       6.344
            Width       0.313        68.75       50.0       27.219      20.0        15.0        10.0        7.031       6.344
            Thickness   0.065        14.3        10.4        5.662       4.16        3.12        2.08       1.463       1.32  

A-12        Height      0.375        82.5        60.0       32.663      24.0        18.0        12.0        8.438       7.613
            Width       0.375        82.5        60.0       32.663      24.0        18.0        12.0        8.438       7.613
            Thickness   0.065        14.3        10.4        5.662       4.16        3.12        2.08       1.463       1.32  

            Fineline Styrene Angle
                                                                                    Scale Inches
                                     1:220      1:160       1:87.1      1:64        1:48         1:32       1:22.5     1:20.3
Code       Descr.      actual in.      Z           N          HO          S           O           #1         Gnm         Gn3
AFS-1       Height      0.047        10.313       7.5        4.083       3.0         2.25        1.5        1.055       0.952
            Width       0.047        10.313       7.5        4.083       3.0         2.25        1.5        1.055       0.952
            Thickness   0.015         3.3         2.4        1.307       0.96        0.72        0.48       0.338       0.305

AFS-2       Height      0.063        13.75       10.0        5.444       4.0         3.0         2.0        1.406       1.269
            Width       0.063        13.75       10.0        5.444       4.0         3.0         2.0        1.406       1.269
            Thickness   0.02          4.4         3.2        1.742       1.28        0.96        0.64       0.45        0.406

AFS-3       Height      0.094        20.625      15.0        8.166       6.0         4.5         3.0        2.109       1.903
            Width       0.094        20.625      15.0        8.166       6.0         4.5         3.0        2.109       1.903
            Thickness   0.025         5.5         4.0        2.178       1.6         1.2         0.8        0.563       0.508

AFS-4       Height      0.125        27.5        20.0       10.888       8.0         6.0         4.0        2.813       2.538
            Width       0.125        27.5        20.0       10.888       8.0         6.0         4.0        2.813       2.538
            Thickness   0.030         6.6         4.8        2.613       1.92        1.44        0.96       0.675       0.609

AFS-6       Height      0.188        41.25       30.0       16.331      12.0         9.0         6.0        4.219       3.806
            Width       0.188        41.25       30.0       16.331      12.0         9.0         6.0        4.219       3.806
            Thickness   0.030         6.6         4.8        2.613       1.92        1.44        0.96       0.675       0.609

AFS-8       Height      0.25         55.0        40.0       21.775      16.0        12.0         8.0        5.625       5.075
            Width       0.25         55.0        40.0       21.775      16.0        12.0         8.0        5.625       5.075
            Thickness   0.035         7.7         5.6        3.049       2.24        1.68        1.12       0.788       0.711

AFS-10      Height      0.313        68.75       50.0       27.219      20.0        15.0        10.0        7.031       6.344
            Width       0.313        68.75       50.0       27.219      20.0        15.0        10.0        7.031       6.344
            Thickness   0.035         7.7         5.6        3.049       2.24        1.68        1.12       0.788       0.711

AFS-12      Height      0.375        82.5        60.0       32.663      24.0        18.0        12.0        8.438       7.613
            Width       0.375        82.5        60.0       32.663      24.0        18.0        12.0        8.438       7.613
            Thickness   0.045         9.9         7.2        3.92        2.88        2.16        1.44       1.013       0.914

            Fineline Styrene Zee Bar
                                                                                    Scale Inches
                                     1:220      1:160       1:87.1      1:64        1:48         1:32       1:22.5     1:20.3
Code       Descr.      actual in.      Z           N          HO          S           O           #1         Gnm         Gn3
ZFS-2       Height      0.063        13.75       10.0        5.444       4.0         3.0         2.0        1.406       1.269
            Width       0.039         8.58        6.24       3.397       2.496       1.872       1.248      0.878       0.792
            Thickness   0.015         3.3         2.4        1.307       0.96        0.72        0.48       0.338       0.305

ZFS-3       Height      0.094        20.625      15.0        8.166       6.0         4.5         3.0        2.109       1.903
            Width       0.057        12.54        9.12       4.965       3.648       2.736       1.824      1.283       1.157
            Thickness   0.02          4.4         3.2        1.742       1.28        0.96        0.64       0.45        0.406

ZFS-4       Height      0.125        27.5        20.0       10.888       8.0         6.0         4.0        2.813       2.538
            Width       0.077        16.94       12.32       6.707       4.928       3.696       2.464      1.733       1.563
            Thickness   0.030         6.6         4.8        2.613       1.92        1.44        0.96       0.675       0.609

ZFS-6       Height      0.188        41.25       30.0       16.331      12.0         9.0         6.0        4.219       3.806
            Width       0.108        23.76       17.28       9.407       6.912       5.184       3.456      2.430       2.192
            Thickness   0.030         6.6         4.8        2.613       1.92        1.44        0.96       0.675       0.609

ZFS-8       Height      0.25         55.0        40.0       21.775      16.0        12.0         8.0        5.625       5.075
            Width       0.145        31.9        23.2       12.63        9.28        6.96        4.64       3.263       2.944
            Thickness   0.040         8.8         6.4        3.484       2.56        1.92        1.28       0.9         0.812

            ABS Tee
                                                                                    Scale Inches
                                     1:220      1:160       1:87.1      1:64        1:48         1:32       1:22.5     1:20.3
Code       Descr.      actual in.      Z           N          HO          S           O           #1         Gnm         Gn3
T-1         Height      0.047        10.313      7.5         4.083       3.0         2.25        1.5        1.055       0.952
            Width       0.047        10.313      7.5         4.083       3.0         2.25        1.5        1.055       0.952
            Thickness   0.015         3.3        2.4         1.307       0.96        0.72        0.48       0.338       0.305

T-2         Height      0.063        13.75      10.0         5.444       4.0         3.0         2.0        1.406       1.269
            Width       0.063        13.75      10.0         5.444       4.0         3.0         2.0        1.406       1.269
            Thickness   0.02          4.4        3.2         1.742       1.28        0.96        0.64       0.45        0.406

T-3         Height      0.094        20.625     15.0         8.166       6.0         4.5         3.0        2.109       1.903
            Width       0.094        20.625     15.0         8.166       6.0         4.5         3.0        2.109       1.903
            Thickness   0.030         6.6        4.8         2.613       1.92        1.44        0.96       0.675       0.609

T-4         Height      0.125        27.5       20.0        10.888       8.0         6.0         4.0        2.813       2.538
            Width       0.125        27.5       20.0        10.888       8.0         6.0         4.0        2.813       2.538
            Thickness   0.040         8.8        6.4         3.484       2.56        1.92        1.28       0.9         0.812

T-6         Height      0.188        41.25      30.0        16.331      12.0         9.0         6.0        4.219       3.806
            Width       0.188        41.25      30.0        16.331      12.0         9.0         6.0        4.219       3.806
            Thickness   0.060        13.2        9.6         5.226       3.84        2.88        1.92       1.35        1.218

T-8         Height      0.25         55.0       40.0        21.775      16.0        12.0         8.0        5.625       5.075
            Width       0.25         55.0       40.0        21.775      16.0        12.0         8.0        5.625       5.075
            Thickness   0.060        13.2        9.6         5.226       3.84        2.88        1.92       1.35        1.218

            Fineline Styrene Tee
                                                                                    Scale Inches
                                     1:220      1:160       1:87.1      1:64        1:48         1:32       1:22.5     1:20.3
Code       Descr.      actual in.      Z           N          HO          S           O           #1         Gnm         Gn3
TFS-1       Height      0.047        10.313       7.5        4.083       3.0         2.25        1.5        1.055       0.952
            Width       0.047        10.313       7.5        4.083       3.0         2.25        1.5        1.055       0.952
            Thickness   0.015         3.3         2.4        1.307       0.96        0.72        0.48       0.338       0.305

TFS-2       Height      0.063        13.75       10.0        5.444       4.0         3.0         2.0        1.406       1.269
            Width       0.063        13.75       10.0        5.444       4.0         3.0         2.0        1.406       1.269
            Thickness   0.02          4.4         3.2        1.742       1.28        0.96        0.64       0.45        0.406

TFS-3       Height      0.094        20.625      15.0        8.166       6.0         4.5         3.0        2.109       1.903
            Width       0.094        20.625      15.0        8.166       6.0         4.5         3.0        2.109       1.903
            Thickness   0.030         6.6         4.8        2.613       1.92        1.44        0.96       0.675       0.609

TFS-4       Height      0.125        27.5        20.0       10.888       8.0         6.0         4.0        2.813       2.538
            Width       0.125        27.5        20.0       10.888       8.0         6.0         4.0        2.813       2.538
            Thickness   0.040         8.8         6.4        3.484       2.56        1.92        1.28       0.9         0.812

TFS-6       Height      0.188        41.25       30.0       16.331      12.0         9.0         6.0        4.219       3.806
            Width       0.188        41.25       30.0       16.331      12.0         9.0         6.0        4.219       3.806
            Thickness   0.030         6.6         4.8        2.613       1.92        1.44        0.96       0.675       0.609

TFS-8       Height      0.25         55.0        40.0       21.775      16.0        12.0         8.0        5.625       5.075
            Width       0.25         55.0        40.0       21.775      16.0        12.0         8.0        5.625       5.075
            Thickness   0.035         7.7         5.6        3.049       2.24        1.68        1.12       0.788       0.711

            Fineline Styrene Deep Channel
                                                                                    Scale Inches
                                     1:220      1:160       1:87.1      1:64        1:48         1:32       1:22.5     1:20.3
Code       Descr.      actual in.      Z           N          HO          S           O           #1         Gnm         Gn3
UFS-2       Height      0.063        13.75       10.0        5.444       4.0         3.0         2.0        1.406       1.269
            Width       0.063        13.75       10.0        5.444       4.0         3.0         2.0        1.406       1.269
            Thickness   0.015         3.3         2.4        1.307       0.96        0.72        0.48       0.338       0.305

UFS-3       Height      0.094        20.625      15.0        8.166       6.0         4.5         3.0        2.109       1.903
            Width       0.094        20.625      15.0        8.166       6.0         4.5         3.0        2.109       1.903
            Thickness   0.025         5.5         4.0        2.178       1.6         1.2         0.8        0.563       0.508

UFS-4       Height      0.125        27.5        20.0       10.888       8.0         6.0         4.0        2.813       2.538
            Width       0.125        27.5        20.0       10.888       8.0         6.0         4.0        2.813       2.538
            Thickness   0.030         6.6         4.8        2.613       1.92        1.44        0.96       0.675       0.609

UFS-6       Height      0.188        41.25       30.0       16.331      12.0         9.0         6.0        4.219       3.806
            Width       0.188        41.25       30.0       16.331      12.0         9.0         6.0        4.219       3.806
            Thickness   0.030         6.6         4.8        2.613       1.92        1.44        0.96       0.675       0.609

UFS-8       Height      0.25         55.0        40.0       21.775      16.0        12.0         8.0        5.625       5.075
            Width       0.25         55.0        40.0       21.775      16.0        12.0         8.0        5.625       5.075
            Thickness   0.040         8.8         6.4        3.484       2.56        1.92        1.28       0.9         0.812

            ABS I-Beam
                                                                                    Scale Inches
                                     1:220      1:160       1:87.1      1:64        1:48         1:32       1:22.5     1:20.3
Code       Descr.      actual in.      Z           N          HO          S           O           #1         Gnm         Gn3
B-2         Height      0.063        13.75       10.0        5.444       4.0         3.0         2.0        1.406       1.269
            Width       0.031         6.875       5.0        2.722       2.0         1.5         1.0        0.703       0.634
            Thickness   0.015         3.3         2.4        1.307       0.96        0.72        0.48       0.338       0.305

B-3         Height      0.094        20.625      15.0        8.166       6.0         4.5         3.0        2.109       1.903
            Width       0.047        10.313       7.5        4.083       3.0         2.25        1.5        1.055       0.952
            Thickness   0.02          4.4         3.2        1.742       1.28        0.96        0.64       0.45        0.406

B-4         Height      0.125        27.5        20.0       10.888       8.0         6.0         4.0        2.813       2.538
            Width       0.063        13.75       10.0        5.444       4.0         3.0         2.0        1.406       1.269
            Thickness   0.025         5.5         4.0        2.178       1.6         1.2         0.8        0.563       0.508

B-6         Height      0.188        41.25       30.0       16.331      12.0         9.0         6.0        4.219       3.806
            Width       0.094        20.625      15.0        8.166       6.0         4.5         3.0        2.109       1.903
            Thickness   0.050        11.0         8.0        4.355       3.2         2.4         1.6        1.125       1.015

B-8         Height      0.25         55.0        40.0       21.775      16.0        12.0         8.0        5.625       5.075
            Width       0.125        27.5        20.0       10.888       8.0         6.0         4.0        2.813       2.538
            Thickness   0.050        11.0         8.0        4.355       3.2         2.4         1.6        1.125       1.015

B-10        Height      0.313        68.75       50.0       27.219      20.0        15.0        10.0        7.031       6.344
            Width       0.156        34.375      25.0       13.609      10.0         7.5         5.0        3.516       3.172
            Thickness   0.060        13.2         9.6        5.226       3.84        2.88        1.92       1.35        1.218

B-12        Height      0.375        82.5        60.0       32.663      24.0        18.0        12.0        8.438       7.613
            Width       0.188        41.25       30.0       16.331      12.0         9.0         6.0        4.219       3.806
            Thickness   0.060        13.2         9.6        5.226       3.84        2.88        1.92       1.35        1.218

B-14        Height      0.438        96.25       70.0       38.106      28.0        21.0        14.0        9.844       8.881
            Width       0.219        48.125      35.0       19.053      14.0        10.5         7.0        4.922       4.441
            Thickness   0.060        13.2         9.6        5.226       3.84        2.88        1.92       1.35        1.218

B-16        Height      0.5          110.0       80.0       43.550      32.0        24.0        16.0       11.25       10.15
            Width       0.25         55.0        40.0       21.775      16.0        12.0         8.0        5.625       5.075
            Thickness   0.080        17.6        12.8        6.968       5.12        3.84        2.56       1.8         1.624

B-18        Height      0.563       123.75       90.0       48.994      36.0        27.0        18.0       12.656      11.419
            Width       0.25         55.0        40.0       21.775      16.0        12.0         8.0        5.625       5.075
            Thickness   0.080        17.6        12.8        6.968       5.12        3.84        2.56       1.8         1.624

B-20        Height      0.625       137.5       100.0       54.438      40.0        30.0        20.0       14.063      12.688
            Width       0.25         55.0        40.0       21.775      16.0        12.0         8.0        5.625       5.075
            Thickness   0.080        17.6        12.8        6.968       5.12        3.84        2.56       1.8         1.624

B-24        Height      0.75        165.0       120.0       65.325      48.0        36.0        24.0       16.875      15.225
            Width       0.313        68.75       50.0       27.219      20.0        15.0        10.0        7.031       6.344
            Thickness   0.080        17.6        12.8        6.968       5.12        3.84        2.56       1.8         1.624

B-28        Height      0.875       192.5       140.0       76.213      56.0        42.0        28.0       19.688      17.763
            Width       0.375        82.5        60.0       32.663      24.0        18.0        12.0        8.438       7.613
            Thickness   0.085        18.7        13.6        7.404       5.44        4.08        2.72       1.913       1.726

B-32        Height      1.0         220.0       160.0       87.100      64.0        48.0        32.0       22.5        20.3
            Width       0.375        82.5        60.0       32.663      24.0        18.0        12.0        8.438       7.613
            Thickness   0.085        18.7        13.6        7.404       5.44        4.08        2.72       1.913       1.726

B-36        Height      1.125       247.5       180.0       97.988      72.0        54.0        36.0       25.313      22.838
            Width       0.5         110.0        80.0       43.550      32.0        24.0        16.0       11.25       10.15
            Thickness   0.090        19.8        14.4        7.839       5.76        4.32        2.88       2.025       1.827

            Fineline Styrene I-Beam
                                                                                    Scale Inches
                                     1:220      1:160       1:87.1      1:64        1:48         1:32       1:22.5     1:20.3
Code       Descr.      actual in.      Z           N          HO          S           O           #1         Gnm         Gn3
BFS-2       Height      0.063        13.75       10.0        5.444       4.0         3.0         2.0        1.406       1.269
            Width       0.031         6.875       5.0        2.722       2.0         1.5         1.0        0.703       0.634
            Thickness   0.015         3.3         2.4        1.307       0.96        0.72        0.48       0.338       0.305

BFS-3       Height      0.094        20.625      15.0        8.166       6.0         4.5         3.0        2.109       1.903
            Width       0.047        10.313      7.5         4.083       3.0         2.25        1.5        1.055       0.952
            Thickness   0.02          4.4         3.2        1.742       1.28        0.96        0.64       0.45        0.406

BFS-4       Height      0.125        27.5        20.0       10.888       8.0         6.0         4.0        2.813       2.538
            Width       0.063        13.75       10.0        5.444       4.0         3.0         2.0        1.406       1.269
            Thickness   0.025         5.5         4.0        2.178       1.6         1.2         0.8        0.563       0.508

BFS-5       Height      0.156        34.375      25.0       13.609      10.0         7.5         5.0        3.516       3.172
            Width       0.078        17.188      12.5        6.805       5.0         3.75        2.5        1.758       1.586
            Thickness   0.030         6.6         4.8        2.613       1.92        1.44        0.96       0.675       0.609

BFS-6       Height      0.188        41.25       30.0       16.331      12.0         9.0         6.0        4.219       3.806
            Width       0.094        20.625      15.0        8.166       6.0         4.5         3.0        2.109       1.903
            Thickness   0.035         7.700       5.6        3.049       2.24        1.68        1.12       0.788       0.711

BFS-8       Height      0.25         55.0        40.0       21.775      16.0        12.0         8.0        5.625       5.075
            Width       0.125        27.5        20.0       10.888       8.0         6.0         4.0        2.813       2.538
            Thickness   0.035         7.700       5.6        3.049       2.24        1.68        1.12       0.788       0.711

BFS-10      Height      0.313        68.75       50.0       27.219      20.0        15.0        10.0        7.031       6.344
            Width       0.156        34.375      25.0       13.609      10.0         7.5         5.0        3.516       3.172
            Thickness   0.045         9.9         7.2        3.92        2.880       2.16        1.44       1.013       0.914

BFS-12      Height      0.375        82.5        60.0       32.663      24.0        18.0        12.0        8.438       7.613
            Width       0.188        41.25       30.0       16.331      12.0         9.0         6.0        4.219       3.806
            Thickness   0.045         9.9         7.2        3.92        2.880       2.16        1.44       1.013       0.914

BFS-14      Height      0.438        96.25       70.0       38.106      28.0        21.0        14.0        9.844       8.881
            Width       0.219        48.125      35.0       19.053      14.0        10.5         7.0        4.922       4.441
            Thickness   0.055        12.1        8.8         4.791       3.520       2.64        1.76       1.238       1.117

BFS-16      Height      0.5         110.0       80.0        43.550      32.0        24.0        16.0       11.25       10.15
            Width       0.25         55.0        40.0       21.775      16.0        12.0         8.0        5.625       5.075
            Thickness   0.060        13.2        9.6         5.226       3.84        2.88        1.92       1.35        1.218

BFS-18      Height      0.563       123.75      90.0        48.994      36.0        27.0        18.0       12.656      11.419
            Width       0.281        61.875      45.0       24.497      18.0        13.5         9.0        6.328       5.709
            Thickness   0.060        13.2        9.6         5.226       3.84        2.88        1.92       1.35        1.218

BFS-20      Height      0.625       137.5       100.0       54.438      40.0        30.0        20.0       14.063      12.688
            Width       0.313        68.75       50.0       27.219      20.0        15.0        10.0        7.031       6.344
            Thickness   0.060        13.2        9.6         5.226       3.84        2.88        1.92       1.35        1.218

            ABS H-Column
                                                                                    Scale Inches
                                     1:220      1:160       1:87.1      1:64        1:48         1:32       1:22.5     1:20.3
Code       Descr.      actual in.      Z           N          HO          S           O           #1         Gnm         Gn3
H-2         Height      0.063        13.75       10.0        5.444       4.0         3.0         2.0        1.406       1.269
            Width       0.063        13.75       10.0        5.444       4.0         3.0         2.0        1.406       1.269
            Thickness   0.02          4.4         3.2        1.742       1.28        0.96        0.64       0.45        0.406

H-3         Height      0.094        20.625      15.0        8.166       6.0         4.5         3.0        2.109       1.903
            Width       0.094        20.625      15.0        8.166       6.0         4.5         3.0        2.109       1.903
            Thickness   0.025         5.5         4.0        2.178       1.6         1.2         0.8        0.563       0.508

H-4         Height      0.125        27.5        20.0       10.888       8.0         6.0         4.0        2.813       2.538
            Width       0.125        27.5        20.0       10.888       8.0         6.0         4.0        2.813       2.538
            Thickness   0.035         7.7         5.6        3.049       2.24        1.68        1.12       0.788       0.711

H-6         Height      0.188        41.25       30.0       16.331      12.0         9.0         6.0        4.219       3.806
            Width       0.188        41.25       30.0       16.331      12.0         9.0         6.0        4.219       3.806
            Thickness   0.055        12.1         8.8        4.791       3.52        2.64        1.76       1.238       1.117

H-8         Height      0.25         55.0        40.0       21.775      16.0        12.0         8.0        5.625       5.075
            Width       0.25         55.0        40.0       21.775      16.0        12.0         8.0        5.625       5.075
            Thickness   0.060        13.2         9.6        5.226       3.84        2.88        1.92       1.35        1.218

H-10        Height      0.313        68.75       50.0       27.219      20.0        15.0        10.0        7.031       6.344
            Width       0.313        68.75       50.0       27.219      20.0        15.0        10.0        7.031       6.344
            Thickness   0.065        14.3        10.4        5.662       4.16        3.12        2.08       1.463       1.32  

H-12        Height      0.375        82.5        60.0       32.663      24.0        18.0        12.0        8.438       7.613
            Width       0.375        82.5        60.0       32.663      24.0        18.0        12.0        8.438       7.613
            Thickness   0.070        15.4        11.2        6.097       4.48        3.36        2.24       1.575       1.421

H-14        Height      0.438        96.25       70.0       38.106      28.0        21.0        14.0        9.844       8.881
            Width       0.438        96.25       70.0       38.106      28.0        21.0        14.0        9.844       8.881
            Thickness   0.075        16.5        12.0        6.533       4.8         3.6         2.4        1.688       1.523

H-16        Height      0.5         110.0        80.0       43.550      32.0        24.0        16.0       11.25       10.150
            Width       0.5         110.0        80.0       43.550      32.0        24.0        16.0       11.25       10.150
            Thickness   0.085        18.7        13.6        7.404       5.44        4.08        2.72       1.913       1.726

H-18        Height      0.563       123.75       90.0       48.994      36.0        27.0        18.0       12.656      11.419
            Width       0.563       123.75       90.0       48.994      36.0        27.0        18.0       12.656      11.419
            Thickness   0.085        18.7        13.6        7.404       5.44        4.08        2.72       1.913       1.726

H-20        Height      0.625       137.5       100.0       54.438      40.0        30.0        20.0       14.063      12.688
            Width       0.625       137.5       100.0       54.438      40.0        30.0        20.0       14.063      12.688
            Thickness   0.085        18.7        13.6        7.404       5.44        4.08        2.72       1.913       1.726

H-24        Height      0.75        165.0       120.0       65.325      48.0        36.0        24.0       16.875      15.225
            Width       0.75        165.0       120.0       65.325      48.0        36.0        24.0       16.875      15.225
            Thickness   0.09         19.8        14.4        7.839       5.76        4.32        2.88       2.025       1.827

            Fineline Styrene H-Column
                                                                                    Scale Inches
                                     1:220      1:160       1:87.1      1:64        1:48         1:32       1:22.5     1:20.3
Code       Descr.      actual in.      Z           N          HO          S           O           #1         Gnm         Gn3
HFS-2       Height      0.063        13.75       10.0        5.444       4.0         3.0         2.0        1.406       1.269
            Width       0.063        13.75       10.0        5.444       4.0         3.0         2.0        1.406       1.269
            Thickness   0.02          4.4         3.2        1.742       1.28        0.96        0.64       0.45        0.406

HFS-3       Height      0.094        20.625      15.0        8.166       6.0         4.5         3.0        2.109       1.903
            Width       0.094        20.625      15.0        8.166       6.0         4.5         3.0        2.109       1.903
            Thickness   0.025         5.5         4.0        2.178       1.6         1.2         0.8        0.563       0.508

HFS-4       Height      0.125        27.5        20.0       10.888       8.0         6.0         4.0        2.813       2.538
            Width       0.125        27.5        20.0       10.888       8.0         6.0         4.0        2.813       2.538
            Thickness   0.035         7.7         5.6        3.049       2.24        1.68        1.12       0.788       0.711

HFS-5       Height      0.156        34.375      25.0       13.609      10.0         7.5         5.0        3.516       3.172
            Width       0.156        34.375      25.0       13.609      10.0         7.5         5.0        3.516       3.172
            Thickness   0.03          6.6         4.8        2.613       1.92        1.44        0.96       0.675       0.609

HFS-6       Height      0.188        41.25       30.0       16.331      12.0         9.0         6.0        4.219       3.806
            Width       0.188        41.25       30.0       16.331      12.0         9.0         6.0        4.219       3.806
            Thickness   0.035         7.7         5.6        3.049       2.24        1.68       1.12        0.788       0.711

HFS-8       Height      0.25         55.0        40.0       21.775      16.0        12.0         8.0        5.625       5.075
            Width       0.25         55.0        40.0       21.775      16.0        12.0         8.0        5.625       5.075
            Thickness   0.040         8.8         6.4        3.484       2.56        1.92        1.28       0.9         0.812

HFS-10      Height      0.313        68.75       50.0       27.219      20.0        15.0        10.0        7.031       6.344
            Width       0.313        68.75       50.0       27.219      20.0        15.0        10.0        7.031       6.344
            Thickness   0.045         9.9         7.2        3.92        2.88        2.16        1.44       1.013       0.914

HFS-12      Height      0.375        82.5        60.0       32.663      24.0        18.0        12.0        8.438       7.613
            Width       0.375        82.5        60.0       32.663      24.0        18.0        12.0        8.438       7.613
            Thickness   0.055        12.1        8.8         4.791       3.52        2.64        1.76       1.238       1.117

            ABS Channel
                                                                                    Scale Inches
                                     1:220      1:160       1:87.1      1:64        1:48         1:32       1:22.5     1:20.3
Code       Descr.      actual in.      Z           N          HO          S           O           #1         Gnm         Gn3
C-2         Height      0.063        13.75       10.0        5.444       4.0         3.0         2.0        1.406       1.269
            Width       0.035         7.7         5.6        3.049       2.24        1.68        1.12       0.788       0.711
            Thickness   0.015         3.3         2.4        1.307       0.96        0.72        0.48       0.338       0.305

C-3         Height      0.094        20.625      15.0        8.166       6.0         4.5         3.0        2.109       1.903
            Width       0.040         8.8         6.4        3.484       2.56        1.92        1.28       0.9         0.812
            Thickness   0.02          4.4         3.2        1.742       1.28        0.96        0.64       0.45        0.406

C-4         Height      0.125        27.5        20.0       10.888       8.0         6.0         4.0        2.813       2.538
            Width       0.050        11.0         8.0        4.355       3.2         2.4         1.6        1.125       1.015
            Thickness   0.025         5.5         4.0        2.178       1.6         1.2         0.8        0.563       0.508

C-6         Height      0.188        41.25       30.0       16.331      12.0         9.0         6.0        4.219       3.806
            Width       0.063        13.75       10.0        5.444       4.0         3.0         2.0        1.406       1.269
            Thickness   0.040         8.8         6.4        3.484       2.56        1.92        1.28       0.9         0.812

C-8         Height      0.25         55.0        40.0       21.775      16.0        12.0         8.0        5.625       5.075
            Width       0.078        17.188      12.5        6.805       5.0         3.75        2.5        1.758       1.586
            Thickness   0.050        11.0         8.0        4.355       3.2         2.4         1.6        1.125       1.015

C-10        Height      0.313        68.75       50.0       27.219      20.0        15.0        10.0        7.031       6.344
            Width       0.094        20.625      15.0        8.166       6.0         4.5         3.0        2.109       1.903
            Thickness   0.050        11.0         8.0        4.355       3.2         2.4         1.6        1.125       1.015

C-12        Height      0.375        82.5        60.0       32.663      24.0        18.0        12.0        8.438       7.613
            Width       0.188        41.25       30.0       16.331      12.0         9.0         6.0        4.219       3.806
            Thickness   0.060        13.2         9.6        5.226       3.84        2.88        1.92       1.35        1.218

C-14        Height      0.438        96.25       70.0       38.106      28.0        21.0        14.0        9.844       8.881
            Width       0.125        27.5        20.0       10.888       8.0         6.0         4.0        2.813       2.538
            Thickness   0.060        13.2         9.6        5.226       3.84        2.88        1.92       1.35        1.218

C-16        Height      0.5         110.0        80.0       43.550      32.0        24.0        16.0       11.25       10.15
            Width       0.125        27.5        20.0       10.888       8.0         6.0         4.0        2.813       2.538
            Thickness   0.065        14.3        10.4        5.662       4.16        3.12        2.08       1.463       1.32  

C-18        Height      0.563       123.75       90.0       48.994      36.0        27.0        18.0       12.656      11.419
            Width       0.125        27.5        20.0       10.888       8.0         6.0         4.0        2.813       2.538
            Thickness   0.065        14.3        10.4        5.662       4.16        3.12        2.08       1.463       1.32  

C-20        Height      0.625       137.5       100.0       54.438      40.0        30.0        20.0       14.063      12.688
            Width       0.188        41.25       30.0       16.331      12.0         9.0         6.0        4.219       3.806
            Thickness   0.075        16.5        12.0        6.533       4.8         3.6         2.4        1.688       1.523

C-24        Height      0.75        165.0       120.0       65.325      48.0        36.0        24.0       16.875      15.225
            Width       0.188        41.25       30.0       16.331      12.0         9.0         6.0        4.219       3.806
            Thickness   0.075        16.5        12.0        6.533       4.8         3.6         2.4        1.688       1.523

            Fineline Styrene Channel
                                                                                    Scale Inches
                                     1:220      1:160       1:87.1      1:64        1:48         1:32       1:22.5     1:20.3
Code       Descr.      actual in.      Z           N          HO          S           O           #1         Gnm         Gn3
CFS-2       Height      0.063        13.75       10.0        5.444       4.0         3.0         2.0        1.406       1.269
            Width       0.035         7.7         5.6        3.049       2.24        1.68        1.12       0.788       0.711
            Thickness   0.015         3.3         2.4        1.307       0.96        0.72        0.48       0.338       0.305

CFS-3       Height      0.094        20.625      15.0        8.166       6.0         4.5         3.0        2.109       1.903
            Width       0.040         8.8         6.4        3.484       2.56        1.92        1.28       0.9         0.812
            Thickness   0.02          4.4         3.2        1.742       1.28        0.96        0.64       0.45        0.406

CFS-4       Height      0.125        27.5        20.0       10.888       8.0         6.0         4.0        2.813       2.538
            Width       0.050        11.0         8.0        4.355       3.2         2.4         1.6        1.125       1.015
            Thickness   0.025         5.5         4.0        2.178       1.6         1.2         0.8        0.563       0.508

CFS-5       Height      0.156        34.375      25.0       13.609      10.0         7.5         5.0        3.516       3.172
            Width       0.055        12.1         8.8        4.791       3.52        2.64        1.76       1.238       1.117
            Thickness   0.030         6.6         4.8        2.613       1.92        1.44        0.96       0.675       0.609

CFS-6       Height      0.188        41.25       30.0       16.331      12.0         9.0         6.0        4.219       3.806
            Width       0.063        13.75       10.0        5.444       4.0         3.0         2.0        1.406       1.269
            Thickness   0.035         7.7         5.6        3.049       2.24        1.68        1.12       0.788       0.711

CFS-8       Height      0.25         55.0        40.0       21.775      16.0        12.0        8.0         5.625       5.075
            Width       0.078        17.188      12.5        6.805       5.0         3.75        2.5        1.758       1.586
            Thickness   0.035         7.7         5.6        3.049       2.24        1.68        1.12       0.788       0.711

CFS-10      Height      0.313        68.75       50.0       27.219      20.0        15.0        10.0        7.031       6.344
            Width       0.094        20.625      15.0        8.166       6.0         4.5         3.0        2.109       1.903
            Thickness   0.045         9.9         7.2        3.92        2.88       2.16         1.44       1.013       0.914

