PLASTRUCT TUBING MISC FITTINGS                                                      ABS is Dark Gray. Styrene is White

                        ABS Manways
                                                                                    Scale Inches
                                 1:220       1:160       1:87.1      1:64        1:48         1:32       1:22.5     1:20.3
Code    Descr.     actual in.      Z           N           HO          S           O           #1         Gnm         Gn3
MH-18    O.D.        0.8125     178.75      130.0        70.769      52.0        39.0         26.0      18.281      16.494
         H           1.3438     295.625     215.0       117.041      86.0        64.5         43.0      30.234      27.278

MH-24    O.D.        1.0625     233.75      170.0        92.544      68.0        51.0         34.0      23.906      21.569
         H           1.625      357.5       260.0       141.538     104.0        78.0         52.0      36.563      32.988

MH-36    O.D.        1.5        330.0       240.0       130.65       96.0        72.0         48.0      33.75       30.45
         H           2.25       495.0       360.0       195.975     144.0       108.0         72.0      50.625      45.675

MH-40    O.D.        2.0       440.0        320.0       174.20      128.0        96.0         64.0      45.0        40.6
         H           2.8125    618.75       450.0       244.969     180.0       135.0         90.0      63.281      57.094

                        ABS Tubing Saddles and Supports
                                                                                    Scale Inches
                                                1:220       1:160       1:87.1      1:64        1:48         1:32       1:22.5     1:20.3
Code      Fits Tube    Descr.     actual in.      Z           N           HO          S           O           #1         Gnm         Gn3
VS-8        8           H           0.125       27.5        20.0        10.888       8.0         6.0          4.0       2.813       2.538
                        W           0.2188      48.125      35.0        19.053      14.0        10.5          7.0       4.922       4.441
                        T           0.0938      20.625      15.0         8.166       6.0         4.5          3.0       2.109       1.903

VS-10       10          H           0.125       27.5        20.0        10.888       8.0         6.0         4.0        2.813       2.538
                        W           0.2183      48.015      34.92       19.01       13.968      10.476       6.984      4.911       4.430
                        T           0.0938      20.625      15.0         8.166       6.0         4.50        3.0        2.109       1.903

VS-12       12          H           0.125       27.5        20.0        10.888       8.0         6.0         4.0        2.813       2.538
                        W           0.3438      75.625      55.0        29.941      22.0        16.50       11.0        7.734       6.978
                        T           0.125       27.5        20.0        10.888       8.0         6.0         4.0        2.813       2.538

VS-14       14          H           0.125       27.5        20.0        10.888       8.0         6.0         4.0        2.813       2.538
                        W           0.4063      89.375      65.0        35.384      26.0        19.5        13.0        9.141       8.247
                        T           0.125       27.5        20.0        10.888       8.0         6.0         4.0        2.813       2.538

VS-16       16          H           0.125       27.5        20.0        10.888       8.0         6.0         4.0        2.813       2.538
                        W           0.4688     103.125      75.0        40.828      30.0        22.5        15.0       10.547       9.516
                        T           0.125       27.5        20.0        10.888       8.0         6.0         4.0        2.813       2.538

VS-18       18          H           0.1875      41.25       30.0        16.331      12.0         9.0         6.0        4.219       3.806
                        W           0.5        110.0        80.0        43.55       32.0        24.0        16.0       11.25       10.15
                        T           0.125       27.50       20.0        10.888       8.0         6.0         4.0        2.813       2.538

VS-20       20          H           0.1875       41.25      30.0        16.331      12.0         9.0         6.0        4.219       3.806
                        W           0.5625      123.75      90.0        48.994      36.0        27.0        18.0       12.656      11.419
                        T           0.125        27.5       20.0        10.888       8.0         6.0         4.0        2.813       2.538

VS-24       24          H           0.1875      41.25       30.0        16.331      12.0         9.0         6.0        4.219       3.806
                        W           0.625      137.5       100.0        54.438      40.0        30.0        20.0       14.063      12.688
                        T           0.125       27.5        20.0        10.888       8.0         6.0         4.0        2.813       2.538

VS-28       28          H           0.1875      41.25       30.0        16.331      12.0         9.0         6.0        4.219       3.806
                        W           0.6875     151.25      110.0        59.881      44.0        33.0        22.0       15.469      13.956
                        T           0.125       27.5        20.0        10.888       8.0         6.0         4.0        2.813       2.538

VS-32       32          H           0.1875      41.250      30.0        16.331      12.0         9.0         6.0        4.219       3.806
                        W           0.75       165.0       120.0        65.325      48.0        36.0        24.0       16.875      15.225
                        T           0.1563      34.375      25.0        13.609      10.0         7.5         5.0        3.516       3.172

VS-36       36          H           0.1875      41.250      30.0        16.331      12.0         9.0         6.0        4.219       3.806
                        W           0.8750     192.5       140.0        76.213      56.0        42.0        28.0       19.688      17.763
                        T           0.1563      34.375      25.0        13.609      10.0         7.5         5.0        3.516       3.172

VS-40       40          H           0.1875      41.250      30.0        16.331      12.0         9.0         6.0        4.219       3.806
                        W           1.0        220.0       160.0        87.10       64.0        48.0        32.0       22.5        20.3
                        T           0.1563      34.375      25.0        13.609      10.0         7.5         5.0        3.516       3.172

VS-48       48          H           0.1875      41.250      30.0        16.331      12.0         9.0         6.0        4.219       3.806
                        W           1.125      247.50      180.0        97.988      72.0        54.0        36.0       25.313      22.838
                        T           0.1563      34.375      25.0        13.609      10.0         7.5         5.0        3.516       3.172

VS-175      56/175      H           0.1875      41.25       30.0        16.331      12.0         9.0         6.0        4.219       3.806
                        W           1.375      302.5       220.0       119.763      88.0        66.0        44.0       30.938      27.913
                        T           0.1875      41.25       30.0        16.331      12.0         9.0         6.0        4.219       3.806

VS-200      64/200      H           0.1875      41.25       30.0        16.331      12.0         9.0         6.0        4.219       3.806
                        W           1.625      357.5       260.0       141.538     104.0        78.0        52.0       36.563      32.988
                        T           0.1875      41.25       30.0        16.331      12.0         9.0         6.0        4.219       3.806

VS-225      225         H           0.1875      41.25      30.0        16.331      12.0          9.0         6.0        4.219       3.806
                        W           1.8125     398.75     290.0       157.869     116.0         87.0        58.0       40.781      36.794
                        T           0.1875      41.25      30.0        16.331      12.0          9.0         6.0        4.219       3.806

VS-250      250         H           0.1875      41.25      30.0        16.331      12.0          9.0         6.0        4.219       3.806
                        W           2.0        440.0      320.0       174.2       128.0         96.0        64.0       45.0        40.6
                        T           0.25        55.0       40.0        21.775      16.0         12.0         8.0        5.625       5.075

VS-275      275         H           0.1875      41.25      30.0        16.331      12.0          9.0         6.0        4.219       3.806
                        W           2.25       495.0      360.0       195.975     144.0        108.0        72.0       50.625      45.675
                        T           0.25        55.0       40.0        21.775      16.0         12.0         8.0        5.625       5.075

VS-300      300         H           0.1875      41.25      30.0        16.331      12.0          9.0         6.0        4.219       3.806
                        W           2.4375     536.25     390.0       212.306     156.0        117.0        78.0       54.844      49.481
                        T           0.25        55.0       40.0        21.775      16.0         12.0         8.0        5.625       5.075

                        Light Shades
                                                                                    Scale Inches
                                 1:220       1:160       1:87.1      1:64        1:48         1:32       1:22.5     1:20.3
Code    Descr.     actual in.      Z           N           HO          S           O           #1         Gnm         Gn3
LF-3     O.D.        0.3125      68.750      50.0        27.219      20.0        15.0        10.0        7.031       6.344
         I.D.        0.25        55.0        40.0        21.775      16.0        12.0         8.0        5.625       5.075
         T           0.0625      13.750      10.0         5.444       4.0         3.0         2.0        1.406       1.269

LF-6     O.D.        0.4375      96.25       70.0        38.106      28.0        21.0        14.0        9.844       8.881
         I.D.        0.375       82.5        60.0        32.663      24.0        18.0        12.0        8.438       7.613
         T           0.0625      13.75       10.0         5.444       4.0         3.0         2.0        1.406       1.269

LF-8     O.D.        0.625      137.5       100.0        54.438      40.0        30.0        20.0        14.063      12.688
         I.D.        0.5        110.0        80.0        43.55       32.0        24.0        16.0        11.250      10.150
         T           0.0938      20.625      15.0         8.166       6.0         4.5         3.0         2.109       1.903

LF-10    O.D.        0.9375     206.250     150.0        81.656      60.0        45.0        30.0        21.094      19.031
         I.D.        0.75       165.0       120.0        65.325      48.0        36.0        24.0        16.875      15.225
         T           0.0938      20.625      15.0         8.166       6.0         4.5         3.0         2.109       1.903

                        Motors
                                                                                    Scale Inches
                                  1:220       1:160       1:87.1      1:64        1:48         1:32       1:22.5     1:20.3
Code     Descr.     actual in.      Z           N           HO          S           O           #1         Gnm         Gn3
M-2       H           0.3125      68.75       50.0        27.219      20.0        15.0        10.0        7.031       6.344
          W           0.25        55.0        40.0        21.775      16.0        12.0         8.0        5.625       5.075
          T           0.375       82.5        60.0        32.663      24.0        18.0        12.0        8.438       7.613

M-3       H           0.375       82.5        60.0        32.663      24.0        18.0        12.0        8.438       7.613
          W           0.3125      68.75       50.0        27.219      20.0        15.0        10.0        7.031       6.344
          T           0.5        110.0        80.0        43.55       32.0        24.0        16.0       11.25       10.15

M-5       H           0.4375      96.25       70.0        38.106      28.0        21.0        14.0        9.844       8.881
          W           0.375       82.5        60.0        32.663      24.0        18.0        12.0        8.438       7.613
          T           0.625      137.5       100.0        54.438      40.0        30.0        20.0       14.063      12.688

M-7       H           0.5        110.0        80.0        43.55       32.0        24.0        16.0        11.25      10.15
          W           0.5        110.0        80.0        43.55       32.0        24.0        16.0        11.25      10.15
          T           0.75       165.0       120.0        65.325      48.0        36.0        24.0        16.875     15.225

M-9       H           0.625      137.5       100.0        54.438      40.0        30.0        20.0        14.063     12.688
          W           0.625      137.5       100.0        54.438      40.0        30.0        20.0        14.063     12.688
          T           0.875      192.5       140.0        76.213      56.0        42.0        28.0        19.688     17.763

M-11      H           0.75       165.0       120.0        65.325      48.0        36.0        24.0        16.875     15.225
          W           0.6875     151.25      110.0        59.881      44.0        33.0        22.0        15.469     13.956
          T           1.0        220.0       160.0        87.1        64.0        48.0        32.0        22.5       20.3  

M-12      H           0.8125     178.75      130.0        70.769      52.0        39.0        26.0        18.281     16.494
          W           0.75       165.0       120.0        65.325      48.0        36.0        24.0        16.875     15.225
          T           1.125      247.50      180.0        97.988      72.0        54.0        36.0        25.313     22.838

          Pump with Motor
                                                                      Scale Inches
                                  1:220       1:160       1:87.1      1:64        1:48         1:32       1:22.5     1:20.3
Code     Descr.     actual in.      Z           N           HO          S           O           #1         Gnm         Gn3
PM-2      H           0.25        55.0        40.0        21.775      16.0        12.0         8.0        5.625       5.075
white     W           0.1875      41.25       30.0        16.331      12.0         9.0         6.0        4.219       3.806
metal     L           0.5625     123.75       90.0        48.994      36.0        27.0        18.0       12.656      11.419

PCM-2     H           0.5        110.0        80.0        43.550      32.0        24.0        16.0       11.250      10.150
gray,     W           0.25        55.0        40.0        21.775      16.0        12.0         8.0        5.625       5.075
green     L           1.0625     233.75      170.0        92.544      68.0        51.0        34.0       23.906      21.569
ABS       T           0.125       27.5        20.0        10.888       8.0         6.0         4.0        2.813       2.538

PCM-7     H           0.625       137.5      100.0        54.438      40.0        30.0        20.0       14.063      12.688
gray,     W           0.375       82.5        60.0        32.663      24.0        18.0        12.0        8.438       7.613
green     L           1.5625     343.75      250.0       136.094     100.0        75.0        50.0       35.156      31.719
ABS       T           0.125       27.5        20.0        10.888       8.0         6.0         4.0        2.813       2.538

PCM-21    H           0.625      137.5       100.0        54.438      40.0        30.0        20.0       14.063      12.688
gray,     W           0.5        110.0        80.0        43.550      32.0        24.0        16.0       11.250      10.150
green     L           1.625      357.5       260.0       141.538     104.0        78.0        52.0       36.563      32.988
ABS       T           0.125       27.5        20.0        10.888       8.0         6.0         4.0        2.813       2.538

PCM-29    H           0.75       165.0       120.0        65.325      48.0        36.0        24.0       16.875      15.225
gray,     W           0.5625     123.75       90.0        48.994      36.0        27.0        18.0       12.656      11.419
green     L           1.75       385.0       280.0       152.425     112.0        84.0        56.0       39.375      35.525
ABS       T           0.125       27.5        20.0        10.888       8.0         6.0         4.0        2.813       2.538

PCM-37    H           0.75       165.0       120.0        65.325      48.0        36.0        24.0       16.875      15.225
gray,     W           0.625      137.5       100.0        54.438      40.0        30.0        20.0       14.063      12.688
green     L           1.8125     398.75      290.0       157.869     116.0        87.0        58.0       40.781      36.794
ABS       T           0.125       27.5        20.0        10.888       8.0         6.0         4.0        2.813       2.538

PCM-45    H           1.0        220.0       160.0        87.10       64.0        48.0        32.0       22.5        20.30  
gray,     W           0.75       165.0       120.0        65.325      48.0        36.0        24.0       16.875      15.225
green     L           2.375     522.5        380.0       206.863     152.0       114.0        76.0       53.438      48.213
ABS       T           0.125      27.5         20.0        10.888       8.0         6.0         4.0        2.813       2.538

                        Column Block
                                                                                    Scale Inches
                                                1:220       1:160       1:87.1      1:64        1:48         1:32       1:22.5     1:20.3
Code      Fits Tube    Descr.     actual in.      Z           N           HO          S           O           #1         Gnm         Gn3
CB-12       12          H           0.375       82.5        60.0        32.663      24.0        18.0        12.0         8.438      7.613
                        W           0.2813      61.875      45.0        24.497      18.0        13.5         9.0         6.328      5.709

CB-14       14          H           0.375       82.50       60.0        32.663      24.0        18.0        12.0         8.438      7.613
                        W           0.3125      68.750      50.0        27.219      20.0        15.0        10.0         7.031      6.344

CB-16       16          H           0.375       82.50       60.0        32.663      24.0        18.0        12.0         8.438      7.613
                        W           0.375       82.50       60.0        32.663      24.0        18.0        12.0         8.438      7.613

CB-18       18          H           0.5        110.0        80.0        43.550      32.0        24.0        16.0        11.250     10.150
                        W           0.4375      96.250      70.0        38.106      28.0        21.0        14.0         9.844      8.881

CB-20       20          H           0.5         110.0       80.0        43.550      32.0        24.0        16.0        11.250     10.150
                        W           0.5         110.0       80.0        43.550      32.0        24.0        16.0        11.250     10.150

CB-24       24          H           0.625       137.50     100.0        54.438      40.0        30.0        20.0        14.063     12.688
                        W           0.625       137.50     100.0        54.438      40.0        30.0        20.0        14.063     12.688
