PLASTRUCT SQUARE TUBING                                     ABS is Dark Gray. Styrene is White

            ABS Square Tubing
                                                                                    Scale Inches
                                     1:220      1:160       1:87.1      1:64        1:48         1:32       1:22.5     1:20.3
Code       Descr.      actual in.      Z           N          HO          S           O           #1         Gnm         Gn3
ST-4        H           0.125        27.5        20.0       10.888       8.0         6.0         4.0        2.813       2.538
            W           0.125        27.5        20.0       10.888       8.0         6.0         4.0        2.813       2.538
            Wall        0.037         8.14        5.92       3.223       2.368       1.776       1.184      0.833       0.751

ST-6        H           0.1875       41.25       30.0       16.331      12.0         9.0         6.0        4.219       3.806
            W           0.1875       41.25       30.0       16.331      12.0         9.0         6.0        4.219       3.806
            Wall        0.0469       10.313       7.5        4.083       3.0         2.25        1.5        1.055       0.952

ST-8        H           0.25         55.0        40.0       21.775      16.0        12.0         8.0        5.625       5.075
            W           0.25         55.0        40.0       21.775      16.0        12.0         8.0        5.625       5.075
            Wall        0.125        27.5        20.0       10.888       8.0         6.0         4.0        2.813       2.538

ST-10       H           0.3125       68.75       50.0       27.219      20.0        15.0        10.0        7.031       6.344
            W           0.3125       68.75       50.0       27.219      20.0        15.0        10.0        7.031       6.344
            Wall        0.0625       13.75       10.0        5.444       4.0         3.0         2.0        1.406       1.269

ST-12       H           0.375        82.5        60.0       32.663      24.0        18.0        12.0        8.438       7.613
            W           0.375        82.5        60.0       32.663      24.0        18.0        12.0        8.438       7.613
            Wall        0.0625       13.75       10.0        5.444       4.0         3.0         2.0        1.406       1.269

ST-14       H           0.4375       96.25       70.0       38.106      28.0        21.0        14.0        9.844       8.881
            W           0.4375       96.25       70.0       38.106      28.0        21.0        14.0        9.844       8.881
            Wall        0.0625       13.75       10.0        5.444       4.0         3.0         2.0        1.406       1.269

ST-16       H           0.5         110.0        80.0       43.55       32.0        24.0        16.0       11.25       10.150
            W           0.5         110.0        80.0       43.55       32.0        24.0        16.0       11.25       10.150
            Wall        0.0625       13.75       10.0        5.444       4.0         3.0         2.0        1.406       1.269

ST-18       H           0.5625      123.75       90.0       48.994      36.0        27.0        18.0       12.656      11.419
            W           0.5625      123.75       90.0       48.994      36.0        27.0        18.0       12.656      11.419
            Wall        0.0625       13.75       10.0        5.444       4.0         3.0         2.0        1.406       1.269

ST-20       H           0.625       137.5       100.0       54.438      40.0        30.0        20.0       14.063      12.688
            W           0.625       137.5       100.0       54.438      40.0        30.0        20.0       14.063      12.688
            Wall        0.0625       13.75       10.0        5.444       4.0         3.0         2.0        1.406       1.269

ST-24       H           0.75        165.0       120.0       65.325      48.0        36.0        24.0       16.875      15.225
            W           0.75        165.0       120.0       65.325      48.0        36.0        24.0       16.875      15.225
            Wall        0.0625       13.75       10.0        5.444       4.0         3.0         2.0        1.406       1.269

ST-28       H           0.875       192.5       140.0       76.213      56.0        42.0        28.0       19.688      17.763
            W           0.875       192.5       140.0       76.213      56.0        42.0        28.0       19.688      17.763
            Wall        0.0625       13.75       10.0        5.444       4.0         3.0         2.0        1.406       1.269

ST-32       H           1.0  0      220.0       160.0       87.100      64.0        48.0        32.0       22.5        20.300
            W           1.0  0      220.0       160.0       87.100      64.0        48.0        32.0       22.5        20.300
            Wall        0.0625       13.75       10.0        5.444       4.0         3.0         2.0        1.406       1.269

ST-36       H           1.125       247.5       180.0       97.988      72.0        54.0        36.0       25.313      22.838
            W           1.125       247.5       180.0       97.988      72.0        54.0        36.0       25.313      22.838
            Wall        0.0625       13.75       10.0        5.444       4.0         3.0         2.0        1.406       1.269

ST-40       H           1.25        275.0       200.0      108.875      80.0        60.0        40.0       28.125      25.375
            W           1.25        275.0       200.0      108.875      80.0        60.0        40.0       28.125      25.375
            Wall        0.0625       13.75       10.0        5.444       4.0         3.0         2.0        1.406       1.269

            ABS Rectangular Tubing
                                                                                    Scale Inches
                                     1:220      1:160       1:87.1      1:64        1:48         1:32       1:22.5     1:20.3
Code       Descr.      actual in.      Z           N          HO          S           O           #1         Gnm         Gn3
RT-8        H           0.25         55.0        40.0       21.775      16.0        12.0        8.0         5.625       5.075
            W           0.1875       41.25       30.0       16.331      12.0         9.0        6.0         4.219       3.806
            Wall        0.0625       13.75       10.0        5.444       4.0         3.0        2.0         1.406       1.269

RT-10       H           0.3125       68.75       50.0       27.219      20.0        15.0        10.0        7.031       6.344
            W           0.25         55.0        40.0       21.775      16.0        12.0         8.0        5.625       5.075
            Wall        0.0625       13.75       10.0        5.444       4.0         3.0         2.0        1.406       1.269

RT-12       H           0.375        82.5        60.0       32.663      24.0        18.0        12.0        8.438       7.613
            W           0.25         55.0        40.0       21.775      16.0        12.0         8.0        5.625       5.075
            Wall        0.0625       13.75       10.0        5.444       4.0         3.0         2.0        1.406       1.269

RT-14       H           0.4375       96.25       70.0       38.106      28.0        21.0        14.0        9.844       8.881
            W           0.25         55.0        40.0       21.775      16.0        12.0         8.0        5.625       5.075
            Wall        0.0625       13.75       10.0        5.444       4.0         3.0         2.0        1.406       1.269

RT-16       H           0.5         110.0        80.0       43.55       32.0        24.0        16.0       11.25       10.150
            W           0.25         55.0        40.0       21.775      16.0        12.0         8.0        5.625       5.075
            Wall        0.0625       13.75       10.0        5.444       4.0         3.0         2.0        1.406       1.269

RT-18       H           0.5625      123.75       90.0       48.994      36.0        27.0        18.0       12.656      11.419
            W           0.25         55.0        40.0       21.775      16.0        12.0         8.0        5.625       5.075
            Wall        0.0625       13.75       10.0        5.444       4.0         3.0         2.0        1.406       1.269

RT-19       H           0.5625      123.75      90.0        48.994      36.0        27.0        18.0       12.656      11.419
            W           0.375        82.5        60.0       32.663      24.0        18.0        12.0        8.438       7.613
            Wall        0.0625       13.75       10.0        5.444       4.0         3.0         2.0        1.406       1.269

RT-20       H           0.625       137.5       100.0       54.438      40.0        30.0        20.0       14.063      12.688
            W           0.25         55.0        40.0       21.775      16.0        12.0         8.0        5.625       5.075
            Wall        0.0625       13.75       10.0        5.444       4.0         3.0         2.0        1.406       1.269

RT-21       H           0.625       137.5       100.0       54.438      40.0        30.0        20.0       14.063      12.688
            W           0.5         110.0        80.0       43.55       32.0        24.0        16.0       11.25       10.150
            Wall        0.0625       13.75       10.0        5.444       4.0         3.0         2.0        1.406       1.269

RT-24       H           0.75        165.0       120.0       65.325      48.0        36.0        24.0       16.875      15.225
            W           0.375        82.5        60.0       32.663      24.0        18.0        12.0        8.438       7.613
            Wall        0.0625       13.75       10.0        5.444       4.0         3.0         2.0        1.406       1.269

RT-26       H           0.75        165.0       120.0       65.325      48.0        36.0        24.0       16.875      15.225
            W           0.5625      123.75       90.0       48.994      36.0        27.0        18.0       12.656      11.419
            Wall        0.0625       13.75       10.0        5.444       4.0         3.0         2.0        1.406       1.269

RT-28       H           0.875       192.5       140.0       76.213      56.0        42.0        28.0       19.688      17.763
            W           0.375        82.5        60.0       32.663      24.0        18.0        12.0        8.438       7.613
            Wall        0.0625       13.75       10.0        5.444       4.0         3.0         2.0        1.406       1.269

RT-29       H           0.875       192.5       140.0       76.213      56.0        42.0        28.0       19.688      17.763
            W           0.625       137.5       100.0       54.438      40.0        30.0        20.0       14.063      12.688
            Wall        0.0625       13.75       10.0        5.444       4.0         3.0         2.0        1.406       1.269

RT-32       H           1.0  0      220.0       160.0       87.100      64.0        48.0        32.0       22.5        20.300
            W           0.375        82.5        60.0       32.663      24.0        18.0        12.0        8.438       7.613
            Wall        0.0625       13.75       10.0        5.444       4.0         3.0         2.0        1.406       1.269

RT-33       H           1.0  0      220.0       160.0       87.100      64.0        48.0        32.0       22.5        20.300
            W           0.75        165.0       120.0       65.325      48.0        36.0        24.0       16.875      15.225
            Wall        0.0625       13.75       10.0        5.444       4.0         3.0         2.0        1.406       1.269

RT-36       H           1.125       247.5       180.0       97.988      72.0        54.0        36.0       25.313      22.838
            W           0.375        82.5        60.0       32.663      24.0        18.0        12.0        8.438       7.613
            Wall        0.0625       13.75       10.0        5.444       4.0         3.0         2.0        1.406       1.269

RT-37       H           1.125       247.5       180.0       97.988      72.0        54.0        36.0       25.313      22.838
            W           0.75        165.0       120.0       65.325      48.0        36.0        24.0       16.875      15.225
            Wall        0.0625       13.75       10.0        5.444       4.0         3.0         2.0        1.406       1.269

            Fineline Styrene Square Tubing
                                                                                    Scale Inches
                                     1:220      1:160       1:87.1      1:64        1:48         1:32       1:22.5     1:20.3
Code       Descr.      actual in.      Z           N          HO          S           O           #1         Gnm         Gn3
STFS-4      H           0.125        27.5        20.0       10.888       8.0         6.0         4.0        2.813       2.538
            W           0.125        27.5        20.0       10.888       8.0         6.0         4.0        2.813       2.538
            Wall        0.02          4.4         3.2        1.742       1.28        0.96        0.64       0.45        0.406

STFS-6      H           0.1875       41.25       30.0       16.331      12.0         9.0         6.0        4.219       3.806
            W           0.1875       41.25       30.0       16.331      12.0         9.0         6.0        4.219       3.806
            Wall        0.023         5.06        3.68       2.003       1.472       1.104       0.736      0.518       0.467

STFS-8      H           0.25         55.0        40.0       21.775      16.0        12.0         8.0        5.625       5.075
            W           0.25         55.0        40.0       21.775      16.0        12.0         8.0        5.625       5.075
            Wall        0.023         5.06        3.68       2.003       1.472       1.104       0.736      0.518       0.467

STFS-10     H           0.3125       68.75       50.0       27.219      20.0        15.0        10.0        7.031       6.344
            W           0.3125       68.75       50.0       27.219      20.0        15.0        10.0        7.031       6.344
            Wall        0.023         5.06        3.68       2.003       1.472       1.104       0.736      0.518       0.467

STFS-12     H           0.375        82.5        60.0       32.663      24.0        18.0        12.0        8.438       7.613
            W           0.375        82.5        60.0       32.663      24.0        18.0        12.0        8.438       7.613
            Wall        0.023         5.06        3.68       2.003       1.472       1.104       0.736      0.518       0.467

            Fineline Styrene Rectangular Tubing
                                                                                    Scale Inches
                                     1:220      1:160       1:87.1      1:64        1:48         1:32       1:22.5     1:20.3
Code       Descr.      actual in.      Z           N          HO          S           O           #1         Gnm         Gn3
RTFS-8      H           0.25         55.0        40.0       21.775      16.0        12.0        8.0         5.625       5.075
            W           0.1875       41.25       30.0       16.331      12.0         9.0         6.0        4.219       3.806
            Wall        0.023         5.06        3.68       2.003       1.472       1.104       0.736      0.518       0.467

RTFS-10     H           0.3125       68.75       50.0       27.219      20.0        15.0        10.0        7.031       6.344
            W           0.25         55.0        40.0       21.775      16.0        12.0         8.0        5.625       5.075
            Wall        0.023         5.06        3.68       2.003       1.472       1.104       0.736      0.518       0.467

RTFS-12     H           0.375        82.5        60.0       32.663      24.0        18.0        12.0        8.438       7.613
            W           0.25         55.0        40.0       21.775      16.0        12.0         8.0        5.625       5.075
            Wall        0.023         5.06        3.68       2.003       1.472       1.104       0.736      0.518       0.467

            Clear Acrylic Square Tubing
                                                                                    Scale Inches
                                     1:220      1:160       1:87.1      1:64        1:48         1:32       1:22.5     1:20.3
Code       Descr.      actual in.      Z           N          HO          S           O           #1         Gnm         Gn3
CST-4       H           0.125        27.5        20.0       10.888       8.0         6.0         4.0        2.813       2.538
            W           0.125        27.5        20.0       10.888       8.0         6.0         4.0        2.813       2.538
            Wall        0.037         8.14        5.92       3.223       2.368       1.776       1.184      0.833       0.751

CST-6       H           0.1875       41.25       30.0       16.331      12.0         9.0         6.0        4.219       3.806
            W           0.1875       41.25       30.0       16.331      12.0         9.0         6.0        4.219       3.806
            Wall        0.047        10.34        7.5        4.083       3.0         2.25        1.5        1.055       0.95

CST-8       H           0.25         55.0        40.0       21.775      16.0        12.0         8.0        5.625       5.075
            W           0.25         55.0        40.0       21.775      16.0        12.0         8.0        5.625       5.075
            Wall        0.0625       13.75       10.0        5.444       4.0         3.0         2.0        1.406       1.269
