PLASTRUCT PATTERNED SHEET                                                  ABS is Dark Gray. Styrene is White

               Patterned Sheets         Pat is repeat size of the pattern. All are .020 thick.
                                                                                    Scale Inches
                                        1:220      1:160       1:87.1      1:64        1:48         1:32       1:22.5     1:20.3
Code          Descr.      actual in.      Z           N          HO          S           O           #1         Gnm         Gn3
PS-10          Pat         0.035         7.7         5.6        3.049       2.24        1.68        1.12       0.788       0.711
ribbed         W           7.0        1540.0      1120.0      609.7       448.0       336.0       224.0      157.5       142.1
roof (white)   L          12.0        2640.0      1920.0     1045.2       768.0       576.0       384.0      270.0       243.6

PS-13          Pat         0.093        20.46       14.88       8.1         5.952       4.464       2.976      2.093       1.888
ribbed         W           7.0        1540.0      1120.0      609.7       448.0       336.0       224.0      157.5       142.1
roof (beige)   L          12.0        2640.0      1920.0     1045.2       768.0       576.0       384.0      270.0       243.6

PS-16          Pat         0.2          44.0        32.0       17.42       12.8         9.6         6.4        4.5         4.06
ribbed         W           7.0        1540.0      1120.0      609.7       448.0       336.0       224.0      157.5       142.1
roof (beige)   L          12.0        2640.0      1920.0     1045.2       768.0       576.0       384.0      270.0       243.6

PS-19          Pat         0.287        63.140      45.92      24.998      18.368      13.776       9.184      6.458       5.826
ribbed         W           7.0        1540.0      1120.0      609.7       448.0       336.0       224.0      157.5       142.1
roof (beige)   L          12.0        2640.0      1920.0     1045.2       768.0       576.0       384.0      270.0       243.6

PS-23          Pat         0.2          44.0        32.0       17.42       12.8         9.6         6.4        4.5         4.06
ribbed         W           7.0        1540.0      1120.0      609.7       448.0       336.0       224.0      157.5       142.1
roof (clear)   L          12.0        2640.0      1920.0     1045.2       768.0       576.0       384.0      270.0       243.6

PS-25          Pat         0.125        27.5        20.0       10.888       8.0         6.0         4.0        2.813       2.538
corrugated     W           7.0        1540.0      1120.0      609.7       448.0       336.0       224.0      157.5       142.1
siding (white) L          11.0        2420.0      1760.0      958.1       704.0       528.0       352.0      247.5       223.3

PS-26          Pat         0.187        41.14       29.92      16.288      11.968       8.976       5.984      4.208       3.796
corrugated     W           7.0        1540.0      1120.0      609.7       448.0       336.0       224.0      157.5       142.1
siding (white) L          11.0        2420.0      1760.0      958.1       704.0       528.0       352.0      247.5       223.3

PS-26          Pat         0.25         55.0        40.0       21.775      16.0        12.0         8.0        5.625       5.075
corrugated     W           7.0        1540.0      1120.0      609.7       448.0       336.0       224.0      157.5       142.1
siding (white) L          11.0        2420.0      1760.0      958.1       704.0       528.0       352.0      247.5       223.3

PS-33          Pat         0.039         8.58        6.24       3.397       2.496       1.872       1.248      0.878       0.792
wood           W           7.0        1540.0      1120.0      609.7       448.0       336.0       224.0      157.5       142.1
plank (beige)  L          12.0        2640.0      1920.0     1045.2       768.0       576.0       384.0      270.0       243.6

PS-34          Pat         0.078        17.16       12.48       6.794       4.992       3.744       2.496      1.755       1.583
wood           W           7.0        1540.0      1120.0      609.7       448.0       336.0       224.0      157.5       142.1
plank (beige)  L          12.0        2640.0      1920.0     1045.2       768.0       576.0       384.0      270.0       243.6

PS-37          Pat         0.12         26.4        19.2       10.452       7.680       5.76        3.84       2.7         2.436
wood           W           7.0        1540.0      1120.0      609.7       448.0       336.0       224.0      157.5       142.1
plank (beige)  L          12.0        2640.0      1920.0     1045.2       768.0       576.0       384.0      270.0       243.6

PS-38          Pat         0.21         46.2        33.6       18.291      13.44       10.08        6.72       4.725       4.263
wood           W           7.0        1540.0      1120.0      609.7       448.0       336.0       224.0      157.5       142.1
plank (white)  L          12.0        2640.0      1920.0     1045.2       768.0       576.0       384.0      270.0       243.6

PS-40          Pat         0.05         11.0         8.0        4.355       3.2         2.4         1.6        1.125       1.015
square tile    W           7.0        1540.0      1120.0      609.7       448.0       336.0       224.0      157.5       142.1
blocks (white) L          12.0        2640.0      1920.0     1045.2       768.0       576.0       384.0      270.0       243.6
PSC=clear, PSR=red clay
PS-41          Pat         0.055        12.1         8.8        4.791       3.52        2.64        1.76       1.238       1.117
square tile    W           7.0        1540.0      1120.0      609.7       448.0       336.0       224.0      157.5       142.1
blocks (white) L          12.0        2640.0      1920.0     1045.2       768.0       576.0       384.0      270.0       243.6
PSC=clear, PSR=red clay
PS-42          Pat         0.18         39.6        28.8       15.678      11.52        8.64        5.76       4.05        3.654
square tile    W           7.0        1540.0      1120.0      609.7       448.0       336.0       224.0      157.5       142.1
blocks (white) L          12.0        2640.0      1920.0     1045.2       768.0       576.0       384.0      270.0       243.6
PSC=clear, PSR=red clay
PS-43          Pat         0.075        16.5        12.0        6.533       4.8         3.6         2.4        1.688       1.523
square tile    W           7.0        1540.0      1120.0      609.7       448.0       336.0       224.0      157.5       142.1
blocks (white) L          12.0        2640.0      1920.0     1045.2       768.0       576.0       384.0      270.0       243.6
PSC=clear, PSR=red clay
PS-44          Pat         0.235        51.7        37.6        20.469     15.040      11.280       7.52       5.288       4.771
square tile    W           7.0        1540.0      1120.0       609.7      448.0       336.0       224.0      157.5       142.1
blocks (white) L          12.0        2640.0      1920.0      1045.2      768.0       576.0       384.0      270.0       243.6
PSC=clear, PSR=red clay
PS-45          Pat         0.485       106.7        77.6        42.244     31.040      23.280       15.520    10.913       9.846
square tile    W           7.0        1540.0      1120.0       609.7      448.0       336.0        224.0     157.5       142.1
blocks (white) L          12.0        2640.0      1920.0      1045.2      768.0       576.0        384.0     270.0       243.6
PSC=clear, PSR=red clay
PS-46          Pat         0.96        211.2       153.6        83.616     61.44       46.08        30.72     21.6        19.488
square tile    W           7.0        1540.0      1120.0       609.7      448.0       336.0        224.0     157.5       142.1
blocks (white) L          12.0        2640.0      1920.0      1045.2      768.0       576.0        384.0     270.0       243.6
PSC=clear, PSR=red clay
PS-47          Pat         0.062        13.64        9.92        5.4        3.968       2.976        1.984     1.395       1.259
clapboard      W           7.0        1540.0      1120.0       609.7      448.0       336.0        224.0     157.5       142.1
siding (white) L          12.0        2640.0      1920.0      1045.2      768.0       576.0        384.0     270.0       243.6

PS-49          Pat         0.125        27.5        20.0        10.888      8.0         6.0          4.0       2.813       2.538
clapboard      W           7.0        1540.0      1120.0       609.7      448.0       336.0        224.0     157.5       142.1
siding (white) L          12.0        2640.0      1920.0      1045.2      768.0       576.0        384.0     270.0       243.6

PS-52          Pat         0.187        41.14       29.92       16.288     11.968       8.976        5.984     4.208       3.796
clapboard      W           7.0        1540.0      1120.0       609.7      448.0       336.0        224.0     157.5       142.1
siding (white) L          12.0        2640.0      1920.0      1045.2      768.0       576.0        384.0     270.0       243.6

PS-55          Pat         0.25         55.0        40.0        21.775     16.0        12.0          8.0       5.625       5.075
clapboard      W           7.0        1540.0      1120.0       609.7      448.0       336.0        224.0     157.5       142.1
siding (white) L          22.0        4840.0      3520.0      1916.2     1408.0      1056.0        704.0     495.0       446.6

PS-56          Pat         0.25         55.0        40.0        21.775     16.0        12.0          8.0       5.625       5.075
clapboard      W           7.0        1540.0      1120.0       609.7      448.0       336.0        224.0     157.5       142.1
siding (white) L          11.0        2420.0      1760.0       958.1      704.0       528.0        352.0     247.5       223.3

PS-58          Pat         0.312        68.64       49.92      27.175      19.968      14.976       9.984      7.02        6.334 
clapboard      W           7.0        1540.0      1120.0      609.7       448.0       336.0       224.0      157.5       142.1
siding (white) L          22.0        4840.0      3520.0     1916.2      1408.0      1056.0       704.0      495.0       446.6

PS-59          Pat         0.312        68.64       49.92      27.175      19.968      14.976       9.984      7.02        6.334
clapboard      W           7.0        1540.0      1120.0      609.7       448.0       336.0       224.0      157.5       142.1
siding (white) L          11.0        2420.0      1760.0      958.1       704.0       528.0       352.0      247.5       223.3

PS-61          Pat         0.45         99.0        72.0       39.195      28.8        21.6        14.4       10.125       9.135
random coursed W           7.0        1540.0      1120.0      609.7       448.0       336.0       224.0      157.5       142.1
stone (beige)  L          12.0        2640.0      1920.0     1045.2       768.0       576.0       384.0      270.0       243.6

PS-64          Pat         0.312        68.64       49.92      27.175      19.968      14.976       9.984      7.02        6.334
random coursed W           7.0        1540.0      1120.0      609.7       448.0       336.0       224.0      157.5       142.1
stone (beige)  L          12.0        2640.0      1920.0     1045.2       768.0       576.0       384.0      270.0       243.6

PS-67          Pat         0.1          22.0        16.0        8.71        6.4         4.8         3.2        2.25        2.03
random coursed W           7.0        1540.0      1120.0      609.7       448.0       336.0       224.0      157.5       142.1
stone (beige)  L          12.0        2640.0      1920.0     1045.2       768.0       576.0       384.0      270.0       243.6

PS-68          Pat         0.3          66.0        48.0       26.13       19.2        14.4         9.6        6.750       6.090
rock embank-   W           7.0        1540.0      1120.0      609.7       448.0       336.0       224.0      157.5       142.1
ment (beige)   L          12.0        2640.0      1920.0     1045.2       768.0       576.0       384.0      270.0       243.6

PS-69          Pat         0.55        121.0        88.0       47.905      35.2        26.4        17.6       12.375      11.165
rock embank-   W           7.0        1540.0      1120.0      609.7       448.0       336.0       224.0      157.5       142.1
ment (beige)   L          12.0        2640.0      1920.0     1045.2       768.0       576.0       384.0      270.0       243.6

PS-70          Pat
stucco         W           7.0        1540.0      1120.0      609.7       448.0       336.0       224.0      157.5       142.1
smooth (white) L          12.0        2640.0      1920.0     1045.2       768.0       576.0       384.0      270.0       243.6

PS-71          Pat
stucco         W           7.0        1540.0      1120.0      609.7       448.0       336.0       224.0      157.5       142.1
coarse (white) L          12.0        2640.0      1920.0     1045.2       768.0       576.0       384.0      270.0       243.6

PS-73          Pat         0.17         37.4        27.2       14.807      10.88        8.16        5.44       3.825       3.451
random         W           7.0        1540.0      1120.0      609.7       448.0       336.0       224.0      157.5       142.1
stone (beige)  L          12.0        2640.0      1920.0     1045.2       768.0       576.0       384.0      270.0       243.6

PS-74          Pat         0.225        49.5        36.0       19.598      14.4        10.8         7.2        5.063       4.568
random polished W          7.0        1540.0      1120.0      609.7       448.0       336.0       224.0      157.5       142.1
stone (beige)  L          12.0        2640.0      1920.0     1045.2       768.0       576.0       384.0      270.0       243.6

PS-76          Pat         0.125        27.5        20.0       10.888       8.0         6.0         4.0        2.813       2.538
random polished W          7.0        1540.0      1120.0      609.7       448.0       336.0       224.0      157.5       142.1
stone (beige)  L          12.0        2640.0      1920.0     1045.2       768.0       576.0       384.0      270.0       243.6

PS-77          Pat         0.375        82.5        60.0       32.663      24.0        18.0        12.0        8.438       7.613
random polished W          7.0        1540.0      1120.0      609.7       448.0       336.0       224.0      157.5       142.1
stone (beige)  L          24.0        5280.0      3840.0     2090.4      1536.0      1152.0       768.0      540.0       487.2

PS-78          Pat         1.0         220.0       160.0       87.1        64.0        48.0        32.0       22.5        20.3
random polished W          7.0        1540.0      1120.0      609.7       448.0       336.0       224.0      157.5       142.1
stone (beige)  L          24.0        5280.0      3840.0     2090.4      1536.0      1152.0       768.0      540.0       487.2

PS-80          Pat         0.312        68.64       49.92      27.175      19.968      14.976       9.984      7.02        6.334
random polished W          7.0        1540.0      1120.0      609.7       448.0       336.0       224.0      157.5       142.1
stone (beige)  L          12.0        2640.0      1920.0     1045.2       768.0       576.0       384.0      270.0       243.6

PS-81          Pat         0.375        82.5        60.0       32.663      24.0        18.0        12.0        8.438       7.613
random polished W          7.0        1540.0      1120.0      609.7       448.0       336.0       224.0      157.5       142.1
stone (beige)  L          12.0        2640.0      1920.0     1045.2       768.0       576.0       384.0      270.0       243.6

PS-72          Pat         0.24         52.8        38.4       20.904      15.36       11.52        7.68       5.4         4.872
field          W           7.0        1540.0      1120.0      609.7       448.0       336.0       224.0      157.5       142.1
stone (beige)  L          12.0        2640.0      1920.0     1045.2       768.0       576.0       384.0      270.0       243.6

PS-75          Pat         0.75        165.0       120.0       65.325      48.0        36.0        24.0       16.875      15.225
field          W           7.0        1540.0      1120.0      609.7       448.0       336.0       224.0      157.5       142.1
stone (beige)  L          24.0        5280.0      3840.0     2090.4      1536.0      1152.0       768.0      540.0       487.2

PS-79          Pat         0.375        82.5        60.0       32.663      24.0        18.0        12.0        8.438       7.613
dressed        W           7.0        1540.0      1120.0      609.7       448.0       336.0       224.0      157.5       142.1
stone (beige)  L          12.0        2640.0      1920.0     1045.2       768.0       576.0       384.0      270.0       243.6

PS-82          Pat         0.212        46.64       33.92      18.465      13.568      10.176       6.784      4.77       4.304
dressed        W           7.0        1540.0      1120.0      609.7       448.0       336.0       224.0      157.5       142.1
stone (beige)  L          12.0        2640.0      1920.0     1045.2       768.0       576.0       384.0      270.0       243.6

PS-83          Pat         0.81        178.2       129.6       70.551      51.84       38.88       25.92      18.225      16.443
round field    W           7.0        1540.0      1120.0      609.7       448.0       336.0       224.0      157.5       142.1
stone (beige)  L          12.0        2640.0      1920.0     1045.2       768.0       576.0       384.0      270.0       243.6

PS-85          Pat         0.75        165.0       120.0       65.325      48.0        36.0        24.0       16.875      15.225
rough          W           7.0        1540.0      1120.0      609.7       448.0       336.0       224.0      157.5       142.1
block (beige)  L          12.0        2640.0      1920.0     1045.2       768.0       576.0       384.0      270.0       243.6

PS-86          Pat         0.75        165.0       120.0       65.325      48.0        36.0        24.0       16.875      15.225
patio flag     W           7.0        1540.0      1120.0      609.7       448.0       336.0       224.0      157.5       142.1
stone (beige)  L          12.0        2640.0      1920.0     1045.2       768.0       576.0       384.0      270.0       243.6

PS-87          Pat         0.73        160.6       116.8       63.583      46.72       35.04       23.36      16.425      14.819
brick          W           7.0        1540.0      1120.0      609.7       448.0       336.0       224.0      157.5       142.1
(red clay)     L          24.0        5280.0      3840.0     2090.4      1536.0      1152.0       768.0      540.0       487.2

PS-88          Pat         0.375        82.5        60.0       32.663      24.0        18.0        12.0        8.438       7.613
brick          W           7.0        1540.0      1120.0      609.7       448.0       336.0       224.0      157.5       142.1
(red clay)     L          24.0        5280.0      3840.0     2090.4      1536.0      1152.0       768.0      540.0       487.2

PS-89          Pat         0.72        158.4       115.2       62.712      46.08       34.56      23.04       16.2        14.616
brick          W           7.0        1540.0      1120.0      609.7       448.0       336.0      224.0       157.5       142.1
(red clay)     L          24.0        5280.0      3840.0     2090.4      1536.0      1152.0      768.0       540.0       487.2
w/sills, corners & arches                                                                                                                                       
PS-90          Pat         0.375        82.5        60.0       32.663      24.0        18.0        12.0        8.438       7.613
brick          W           7.0        1540.0      1120.0      609.7       448.0       336.0       224.0      157.5       142.1
(red clay)     L          12.0        2640.0      1920.0     1045.2       768.0       576.0       384.0      270.0       243.6

PS-94          Pat         0.0625       13.64        9.92       5.4         3.968       2.976       1.984      1.395       1.259
brick          W           7.0        1540.0      1120.0      609.7       448.0       336.0       224.0      157.5       142.1
(red clay)     L          12.0        2640.0      1920.0     1045.2       768.0       576.0       384.0      270.0       243.6

PS-95          Pat         0.1          22.0        16.0        8.71        6.4         4.8         3.2        2.25        2.03
brick          W           7.0        1540.0      1120.0      609.7       448.0       336.0       224.0      157.5       142.1
(red clay)     L          12.0        2640.0      1920.0     1045.2       768.0       576.0       384.0      270.0       243.6

PS-97          Pat         0.145        31.9        23.2       12.63        9.28        6.96        4.64       3.263       2.944
brick          W           7.0        1540.0      1120.0      609.7       448.0       336.0       224.0      157.5       142.1
(red clay)     L          12.0        2640.0      1920.0     1045.2       768.0       576.0       384.0      270.0       243.6

PS-100         Pat         0.1875       41.14       29.92      16.288      11.968       8.976       5.98       4.208       3.796
brick          W           7.0        1540.0      1120.0      609.7       448.0       336.0       224.0      157.5       142.1
(red clay)     L          12.0        2640.0      1920.0     1045.2       768.0       576.0       384.0      270.0       243.6

PS-91          Pat         0.15         33.0        24.0       13.065       9.6         7.2         4.8        3.375       3.045
rough brick    W           7.0        1540.0      1120.0      609.7       448.0       336.0       224.0      157.5       142.1
(red clay)     L          12.0        2640.0      1920.0     1045.2       768.0       576.0       384.0      270.0       243.6

PS-92          Pat         0.2          44.0        32.0       17.420      12.8         9.6         6.4        4.5         4.06
rough brick    W           7.0        1540.0      1120.0      609.7       448.0       336.0       224.0      157.5       142.1
(red clay)     L          12.0        2640.0      1920.0     1045.2       768.0       576.0       384.0      270.0       243.6

PS-93          Pat         0.8         176.0       128.0       69.680      51.2        38.4        25.6       18.0        16.24
rough brick    W           7.0        1540.0      1120.0      609.7       448.0       336.0       224.0      157.5       142.1
(red clay)     L          24.0        5280.0      3840.0     2090.4      1536.0      1152.0       768.0      540.0       487.2

PS-96          Pat         0.4          88.0        64.0       34.840      25.6        19.2        12.8        9.0         8.120
rough brick    W           7.0        1540.0      1120.0      609.7       448.0       336.0       224.0     157.5       142.1
(red clay)     L          24.0        5280.0      3840.0     2090.4      1536.0      1152.0       768.0      540.0       487.2

PS-98          Pat         0.4          88.0        64.0       34.840      25.6        19.2        12.8        9.0         8.120
rough brick    W           7.0        1540.0      1120.0      609.7       448.0       336.0       224.0      157.5       142.1
(red clay)     L          12.0        2640.0      1920.0     1045.2       768.0       576.0       384.0      270.0       243.6

PS-103         Pat         0.175        38.5        28.0       15.243      11.2         8.4         5.6        3.938       3.553
cement block   W           7.0        1540.0      1120.0      609.7       448.0       336.0       224.0      157.5       142.1
(beige)        L          12.0        2640.0      1920.0     1045.2       768.0       576.0       384.0      270.0       243.6

PS-106         Pat         0.325        71.5        52.0       28.308      20.8        15.6        10.4        7.313       6.598
cement block   W           7.0        1540.0      1120.0      609.7       448.0       336.0       224.0      157.5       142.1
(beige)        L          12.0        2640.0      1920.0     1045.2       768.0       576.0       384.0      270.0       243.6

PS-108         Pat         1.3         286.0       208.0      113.230      83.2        62.4        41.6       29.250      26.390
cement block   W           7.0        1540.0      1120.0      609.7       448.0       336.0       224.0      157.5       142.1
(beige)        L          12.0        2640.0      1920.0     1045.2       768.0       576.0       384.0      270.0       243.6

PS-109         Pat         0.65        143.0       104.0       56.615      41.6        31.2        20.8       14.625      13.195
cement block   W           7.0        1540.0      1120.0      609.7       448.0       336.0       224.0      157.5       142.1
(beige)        L          24.0        5280.0      3840.0     2090.4      1536.0      1152.0       768.0      540.0       487.2

PS-110         Pat         0.65        143.0       104.0       56.615      41.6        31.2        20.8       14.625      13.195
cement block   W           7.0        1540.0      1120.0      609.7       448.0       336.0       224.0      157.5       142.1
(beige)        L          12.0        2640.0      1920.0     1045.2       768.0       576.0       384.0      270.0       243.6

PS-112         Pat         0.125        27.5        20.0       10.888       8.0         6.0         4.0        2.813       2.538
asphalt shingle W          7.0        1540.0      1120.0      609.7       448.0       336.0       224.0      157.5       142.1
roofing (gray) L          12.0        2640.0      1920.0     1045.2       768.0       576.0       384.0      270.0       243.6

PS-115         Pat         0.25         55.0        40.0       21.775      16.0        12.0         8.0        5.625       5.075
asphalt shingle W          7.0        1540.0      1120.0      609.7       448.0       336.0       224.0      157.5       142.1
roofing (gray) L          12.0        2640.0      1920.0     1045.2       768.0       576.0       384.0      270.0       243.6

PS-117         Pat         0.475       104.5        76.0       41.373      30.4        22.8        15.2       10.688       9.643
asphalt shingle W          7.0        1540.0      1120.0      609.7       448.0       336.0       224.0      157.5       142.1
roofing (gray) L          12.0        2640.0      1920.0     1045.2       768.0       576.0       384.0      270.0       243.6

PS-118         Pat         0.475       104.5        76.0       41.373      30.4        22.8        15.2       10.688       9.643
asphalt shingle W          7.0        1540.0      1120.0      609.7       448.0       336.0       224.0      157.5       142.1
roofing (gray) L          24.0        5280.0      3840.0     2090.4      1536.0      1152.0       768.0      540.0       487.2

PS-120         Pat         0.98        215.6       156.8       85.358      62.72       47.04       31.36      22.05       19.894
asphalt shingle W          7.0        1540.0      1120.0      609.7       448.0       336.0       224.0      157.5       142.1
roofing (gray) L          24.0        5280.0      3840.0     2090.4      1536.0      1152.0       768.0      540.0       487.2

PS-116         Pat         0.25         55.0        40.0       21.775      16.0        12.0         8.0        5.625       5.075
Spanish Tile   W           7.0        1540.0      1120.0      609.7       448.0       336.0       224.0      157.5       142.1
roofing        L          12.0        2640.0      1920.0     1045.2       768.0       576.0       384.0      270.0       243.6
(red clay)
PS-119         Pat         0.25         55.0        40.0       21.775      16.0        12.0         8.0        5.625       5.075
Spanish Tile   W           7.0        1540.0      1120.0      609.7       448.0       336.0       224.0      157.5       142.1
roofing        L          24.0        5280.0      3840.0     2090.4      1536.0      1152.0       768.0      540.0       487.2
(red clay)
PS-121         Pat         0.125        27.5        20.0       10.888       8.0         6.0         4.0        2.813       2.538
Spanish Tile   W           7.0        1540.0      1120.0      609.7       448.0       336.0       224.0      157.5       142.1
roofing        L          12.0        2640.0      1920.0     1045.2       768.0       576.0       384.0      270.0       243.6
(red clay)
PS-122         Pat         0.087        19.14       13.92       7.578       5.568       4.176       2.784      1.958       1.766
Spanish Tile   W           7.0        1540.0      1120.0      609.7       448.0       336.0       224.0      157.5       142.1
roofing        L          12.0        2640.0      1920.0     1045.2       768.0       576.0       384.0      270.0       243.6
(red clay)
PS-123         Pat         0.5         110.0        80.0       43.55       32.0        24.0        16.0       11.25       10.15
Spanish Tile   W           7.0        1540.0      1120.0      609.7       448.0       336.0       224.0      157.5       142.1
roofing        L          24.0        5280.0      3840.0     2090.4      1536.0      1152.0       768.0      540.0       487.2
(red clay)
PS-124         Pat         0.125        27.5        20.0       10.888       8.0         6.0         4.0        2.813       2.538
scaloped edge  W           7.0        1540.0      1120.0      609.7       448.0       336.0       224.0      157.5       142.1
roofing        L          12.0        2640.0      1920.0     1045.2       768.0       576.0       384.0      270.0       243.6
(red clay)
PS-125         Pat         0.25         55.0        40.0       21.775      16.0        12.0         8.0        5.625       5.075
scaloped edge  W           7.0        1540.0      1120.0      609.7       448.0       336.0       224.0      157.5       142.1
roofing        L          12.0        2640.0      1920.0     1045.2       768.0       576.0       384.0      270.0       243.6
(red clay)
PS-126         Pat         0.375        82.5        60.0       32.663      24.0        18.0        12.0        8.438       7.613
scaloped edge  W           7.0        1540.0      1120.0      609.7       448.0       336.0       224.0      157.5       142.1
roofing        L          24.0        5280.0      3840.0     2090.4      1536.0      1152.0       768.0      540.0       487.2
(red clay)
PS-127         Pat         0.785       172.7       125.6       68.374      50.24       37.68       25.12      17.663      15.936
scaloped edge  W           7.0        1540.0      1120.0      609.7       448.0       336.0       224.0      157.5       142.1
roofing        L          24.0        5280.0      3840.0     2090.4      1536.0      1152.0       768.0      540.0       487.2
(red clay)
PS-128         Pat         0.375        82.5        60.0       32.663      24.0        18.0        12.0        8.438       7.613
scaloped edge  W           7.0        1540.0      1120.0      609.7       448.0       336.0       224.0      157.5       142.1
roofing        L          12.0        2640.0      1920.0     1045.2       768.0       576.0       384.0      270.0       243.6
(red clay)
PS-130         Pat         0.25         55.0        40.0       21.775      16.0        12.0         8.0        5.625       5.075
shake shingle  W           7.0        1540.0      1120.0      609.7       448.0       336.0       224.0      157.5       142.1
roofing(beige) L          12.0        2640.0      1920.0     1045.2       768.0       576.0       384.0      270.0       243.6

PS-131         Pat         0.125        27.5        20.0       10.888       8.0         6.0         4.0        2.813       2.538
shake shingle  W           7.0        1540.0      1120.0      609.7       448.0       336.0       224.0      157.5       142.1
roofing(beige) L          12.0        2640.0      1920.0     1045.2       768.0       576.0       384.0      270.0       243.6

PS-132         Pat         0.375        82.5        60.0       32.663      24.0        18.0        12.0        8.438       7.613
shake shingle  W           7.0        1540.0      1120.0      609.7       448.0       336.0       224.0      157.5       142.1
roofing(beige) L          24.0        5280.0      3840.0     2090.4      1536.0      1152.0       768.0      540.0       487.2

PS-133         Pat         0.75        165.0       120.0       65.325      48.0        36.0        24.0       16.875      15.225
shake shingle  W           7.0        1540.0      1120.0      609.7       448.0       336.0       224.0      157.5       142.1
roofing(beige) L          24.0        5280.0      3840.0     2090.4      1536.0      1152.0       768.0      540.0       487.2

PS-134         Pat         0.375        82.5        60.0       32.663      24.0        18.0        12.0        8.438       7.613
shake shingle  W           7.0        1540.0      1120.0      609.7       448.0       336.0       224.0      157.5       142.1
roofing(beige) L          12.0        2640.0      1920.0     1045.2       768.0       576.0       384.0      270.0       243.6

PS-140         Pat         0.082        18.04       13.12       7.142       5.248       3.936       2.624      1.845       1.665
interlocking   W           7.0        1540.0      1120.0      609.7       448.0       336.0       224.0      157.5       142.1
pavers         L          12.0        2640.0      1920.0     1045.2       768.0       576.0       384.0      270.0       243.6
(red clay)
PS-141         Pat         0.15         33.0        24.0       13.065       9.6         7.2         4.8        3.375       3.045
interlocking   W           7.0        1540.0      1120.0      609.7       448.0       336.0       224.0      157.5       142.1
pavers         L          12.0        2640.0      1920.0     1045.2       768.0       576.0       384.0      270.0       243.6
(red clay)
PS-142         Pat         0.35         77.0        56.0       30.485      22.4        16.8        11.2        7.875       7.105
interlocking   W           7.0        1540.0      1120.0      609.7       448.0       336.0       224.0      157.5       142.1
pavers         L          12.0        2640.0      1920.0     1045.2       768.0       576.0       384.0      270.0       243.6
(red clay)
PS-143         Pat         0.65        143.0       104.0       56.615      41.6        31.2        20.8       14.625      13.195
interlocking   W           7.0        1540.0      1120.0      609.7       448.0       336.0       224.0      157.5       142.1
pavers         L          24.0        5280.0      3840.0     2090.4      1536.0      1152.0       768.0      540.0       487.2
(red clay)
PS-144         Pat         0.082        18.04       13.12       7.142       5.248       3.936       2.624      1.845       1.665
interlocking   W           7.0        1540.0      1120.0      609.7       448.0       336.0       224.0      157.5       142.1
pavers         L          12.0        2640.0      1920.0     1045.2       768.0       576.0       384.0      270.0       243.6
(red clay)
PS-145         Pat         0.125        27.5        20.0       10.888       8.0         6.0         4.0        2.813       2.538
checker        W           7.0        1540.0      1120.0      609.7       448.0       336.0       224.0      157.5       142.1
plate (clear)  L          12.0        2640.0      1920.0     1045.2       768.0       576.0       384.0      270.0       243.6

PS-148         Pat         0.1          22.0        16.0        8.710       6.4         4.8         3.2        2.250       2.030
tread          W           7.0        1540.0      1120.0      609.7       448.0       336.0       224.0      157.5       142.1
plate (white)  L          12.0        2640.0      1920.0     1045.2       768.0       576.0       384.0      270.0       243.6

PS-150         Pat         0.15         33.0        24.0       13.065       9.6         7.2         4.8        3.375       3.045
double diamond W           7.0        1540.0      1120.0      609.7       448.0       336.0       224.0      157.5       142.1
plate (white)  L          12.0        2640.0      1920.0     1045.2       768.0       576.0       384.0      270.0       243.6

PS-151         Pat         0.187        41.14       29.920     16.288      11.968       8.976       5.984      4.208       3.796
double diamond W           7.0        1540.0      1120.0      609.7       448.0       336.0       224.0      157.5       142.1
plate (white)  L          12.0        2640.0      1920.0     1045.2       768.0       576.0       384.0      270.0       243.6

PS-152         Pat         0.05         11.0         8.0        4.355       3.2         2.4         1.6        1.125       1.015
diamond        W           7.0        1540.0      1120.0      609.7       448.0       336.0       224.0      157.5       142.1
plate (white)  L          12.0        2640.0      1920.0     1045.2       768.0       576.0       384.0      270.0       243.6

PS-153         Pat        0.083         18.260      13.28       7.229       5.312       3.984       2.656      1.868       1.685
diamond        W           7.0        1540.0      1120.0      609.7       448.0       336.0       224.0      157.5       142.1
plate (white)  L          12.0        2640.0      1920.0     1045.2       768.0       576.0       384.0      270.0       243.6

PS-154         Pat         0.125        27.5        20.0       10.888       8.0         6.0         4.0        2.813       2.538
diamond        W           7.0        1540.0      1120.0      609.7       448.0       336.0       224.0      157.5       142.1
plate (white)  L          12.0        2640.0      1920.0     1045.2       768.0       576.0       384.0      270.0       243.6
