			Scale	Schedule 40 Galv Steel Pipe, O.D., in inches
Scale	Proportion	inch	1/2"	3/4"	1"	1 1/4"	1 1/2"	2"	3"	4"	6"	8"	10"	12"	14"
Prototype	1 :	1.0	1.0000	0.84	1.05	1.315	1.66	1.9	2.375	3.5	4.5	6.625	8.625	10.75	12.75	14
1"	1 :	12.0	0.0833	0.0700	0.0875	0.1096	0.1383	0.1583	0.1979	0.2917	0.3750	0.5521	0.7188	0.8958	1.0625	1.1667
3/4"	1 :	16.0	0.0625	0.0525	0.0656	0.0822	0.1038	0.1188	0.1484	0.2188	0.2813	0.4141	0.5391	0.6719	0.7969	0.8750
17/32"	1 :	22.6	0.0442	0.0372	0.0465	0.0582	0.0735	0.0841	0.1051	0.1549	0.1991	0.2931	0.3816	0.4757	0.5642	0.6195
1/2"	1 :	24.0	0.0417	0.0350	0.0438	0.0548	0.0692	0.0792	0.0990	0.1458	0.1875	0.2760	0.3594	0.4479	0.5313	0.5833
No. 1	1 :	32.0	0.0313	0.0263	0.0328	0.0411	0.0519	0.0594	0.0742	0.1094	0.1406	0.2070	0.2695	0.3359	0.3984	0.4375
O17	1 :	45.2	0.0221	0.0186	0.0232	0.0291	0.0367	0.0420	0.0525	0.0774	0.0996	0.1466	0.1908	0.2378	0.2821	0.3097
O Cont.	1 :	45.0	0.0222	0.0187	0.0233	0.0292	0.0369	0.0422	0.0528	0.0778	0.1000	0.1472	0.1917	0.2389	0.2833	0.3111
O Brit.	1 :	43.5	0.0230	0.0193	0.0241	0.0302	0.0382	0.0437	0.0546	0.0805	0.1034	0.1523	0.1983	0.2471	0.2931	0.3218
O	1 :	48.0	0.0208	0.0175	0.0219	0.0274	0.0346	0.0396	0.0495	0.0729	0.0938	0.1380	0.1797	0.2240	0.2656	0.2917
S	1 :	64.0	0.0156	0.0131	0.0164	0.0205	0.0259	0.0297	0.0371	0.0547	0.0703	0.1035	0.1348	0.1680	0.1992	0.2188
OO	1 :	76.2	0.0131	0.0110	0.0138	0.0173	0.0218	0.0249	0.0312	0.0459	0.0591	0.0869	0.1132	0.1411	0.1673	0.1837
HO	1 :	87.1	0.0115	0.0096	0.0121	0.0151	0.0191	0.0218	0.0273	0.0402	0.0517	0.0761	0.0990	0.1234	0.1464	0.1607
TT	1 :	120.0	0.0083	0.0070	0.0088	0.0110	0.0138	0.0158	0.0198	0.0292	0.0375	0.0552	0.0719	0.0896	0.1063	0.1167
OOO	1 :	152.0	0.0066	0.0055	0.0069	0.0087	0.0109	0.0125	0.0156	0.0230	0.0296	0.0436	0.0567	0.0707	0.0839	0.0921
N	1 :	160.0	0.0063	0.0053	0.0066	0.0082	0.0104	0.0119	0.0148	0.0219	0.0281	0.0414	0.0539	0.0672	0.0797	0.0875
Z	1 :	220.0	0.0045	0.0038	0.0048	0.0060	0.0075	0.0086	0.0108	0.0159	0.0205	0.0301	0.0392	0.0489	0.0580	0.0636
																
narrow gauge																
Fn2	1 :	13.5	0.0741	0.0622	0.0778	0.0974	0.1230	0.1407	0.1759	0.2593	0.3333	0.4907	0.6389	0.7963	0.9444	1.0370
Fn3	1 :	20.3	0.0492	0.0413	0.0517	0.0647	0.0817	0.0935	0.1169	0.1722	0.2215	0.3260	0.4245	0.5290	0.6275	0.6890
On2, On3	1 :	48.0	0.0208	0.0175	0.0219	0.0274	0.0346	0.0396	0.0495	0.0729	0.0938	0.1380	0.1797	0.2240	0.2656	0.2917
HOn2, HOn3	1 :	87.1	0.0115	0.0096	0.0121	0.0151	0.0191	0.0218	0.0273	0.0402	0.0517	0.0761	0.0990	0.1234	0.1464	0.1607
TTn2, TTn3	1 :	120.0	0.0083	0.0070	0.0088	0.0110	0.0138	0.0158	0.0198	0.0292	0.0375	0.0552	0.0719	0.0896	0.1063	0.1167
Nn2, Nn3	1 :	160.0	0.0063	0.0053	0.0066	0.0082	0.0104	0.0119	0.0148	0.0219	0.0281	0.0414	0.0539	0.0672	0.0797	0.0875
																
