inches	dec. inches	S scale in	S scale ft	wire gage		inches	dec. inches	S scale in	S scale ft	wire gage
	0.0005	0.03	0.00267				0.32	20.48	1.70667	
	0.002	0.13	0.01067			21/64"	0.32813	21.00	1.75000	0 ga
	0.004	0.26	0.02133				0.33	21.12	1.76000	
	0.005	0.32	0.02667	36 ga			0.34	21.76	1.81333	
	0.00625	0.40	0.03333	34 ga		11/32"	0.34375	22.00	1.83333	00 ga
	0.0075	0.48	0.04000	33 ga			0.35	22.40	1.86667	
	0.009	0.58	0.04800	31 ga		23/64"	0.35938	23.00	1.91667	
	0.01	0.64	0.05333	30 ga			0.36	23.04	1.92000	
	0.0125	0.80	0.06667	28 ga			0.37	23.68	1.97333	
	0.015	0.96	0.08000	27 ga		3/8"	0.375	24.00	2.00000	000 ga
1/64"	0.015625	1.00	0.08333	26 ga			0.38	24.32	2.02667	
	0.02	1.28	0.10667	24 ga			0.39	24.96	2.08000	
	0.025	1.60	0.13333	22 ga		25/64"	0.39063	25.00	2.08333	
	0.03	1.92	0.16000	21 ga			0.4	25.60	2.13333	
1/32"	0.03125	2.00	0.16667	20 ga		13/32"	0.40625	26.00	2.16667	0000 ga
	0.035	2.24	0.18667	19 ga			0.41	26.24	2.18667	
	0.0375	2.40	0.20000	19 ga			0.42	26.88	2.24000	
	0.04	2.56	0.21333	18 ga		27/64"	0.42188	27.00	2.25000	
3/64"	0.046875	3.00	0.25000	17 ga			0.43	27.52	2.29333	
	0.05	3.20	0.26667	16 ga		7/16"	0.4375	28.00	2.33333	00000 ga
	0.06	3.84	0.32000	15 ga			0.44	28.16	2.34667	
1/16"	0.0625	4.00	0.33333	14 ga			0.45	28.80	2.40000	
	0.07	4.48	0.37333	13 ga		29/64"	0.45313	29.00	2.41667	
5/64"	0.078125	5.00	0.41667				0.46	29.44	2.45333	
	0.08	5.12	0.42667	12 ga		15/32"	0.46875	30.00	2.50000	000000 ga
	0.09	5.76	0.48000	11 ga			0.47	30.08	2.50667	
3/32"	0.09375	6.00	0.50000				0.48	30.72	2.56000	
	0.1	6.40	0.53333	10 ga		31/64"	0.48438	31.00	2.58333	
7/64"	0.109375	7.00	0.58333				0.49	31.36	2.61333	
	0.11	7.04	0.58667	9 ga		1/2"	0.5	32.00	2.66667	0000000 ga
	0.12	7.68	0.64000				0.51	32.64	2.72000	
1/8"	0.125	8.00	0.66667	8 ga		33/64"	0.51563	33.00	2.75000	
	0.13	8.32	0.69333				0.52	33.28	2.77333	
	0.14	8.96	0.74667				0.53	33.92	2.82667	
9/64"	0.140625	9.00	0.75000	7 ga		17/32"	0.53125	34.00	2.83333	
	0.15	9.60	0.80000				0.54	34.56	2.88000	
5/32"	0.15625	10.00	0.83333			35/64"	0.54688	35.00	2.91667	
	0.16	10.24	0.85333	6 ga			0.55	35.20	2.93333	
	0.17	10.88	0.90667				0.56	35.84	2.98667	
11/64"	0.171875	11.00	0.91667			9/16"	0.5625	36.00	3.00000	
	0.18	11.52	0.96000	5 ga			0.57	36.48	3.04000	
3/16"	0.1875	12.00	1.00000			37/64"	0.57813	37.00	3.08333	
	0.19	12.16	1.01333				0.58	37.12	3.09333	
	0.2	12.80	1.06667				0.59	37.76	3.14667	
13/64"	0.203125	13.00	1.08333	4 ga		19/32"	0.59375	38.00	3.16667	
	0.21	13.44	1.12000				0.6	38.40	3.20000	
7/32"	0.21875	14.00	1.16667			39/64"	0.60938	39.00	3.25000	
	0.22	14.08	1.17333	3 ga			0.61	39.04	3.25333	
	0.23	14.72	1.22667				0.62	39.68	3.30667	
15/64"	0.234375	15.00	1.25000			5/8"	0.625	40.00	3.33333	
	0.24	15.36	1.28000				0.63	40.32	3.36000	
1/4"	0.25	16.00	1.33333	2 ga			0.64	40.96	3.41333	
	0.26	16.64	1.38667			41/64"	0.64063	41.00	3.41667	
17/64"	0.265625	17.00	1.41667				0.65	41.60	3.46667	
	0.27	17.28	1.44000			21/32"	0.65625	42.00	3.50000	
	0.28	17.92	1.49333				0.66	42.24	3.52000	
9/32"	0.28125	18.00	1.50000	1 ga			0.67	42.88	3.57333	
	0.29	18.56	1.54667			43/64"	0.67188	43.00	3.58333	
19/64"	0.296875	19.00	1.58333				0.68	43.52	3.62667	
	0.3	19.20	1.60000			11/16"	0.6875	44.00	3.66667	
	0.31	19.84	1.65333				0.69	44.16	3.68000	
5/16"	0.3125	20.00	1.66667				0.7	44.80	3.73333	
										
45/64"	0.703125	45.00	3.75000				0.01563	1.0	0.083	
	0.71	45.44	3.78667				0.03125	2.0	0.167	
23/32"	0.71875	46.00	3.83333				0.04688	3.0	0.250	
	0.72	46.08	3.84000				0.0625	4.0	0.333	
	0.73	46.72	3.89333				0.07813	5.0	0.417	
47/64"	0.734375	47.00	3.91667				0.09375	6.0	0.500	
	0.74	47.36	3.94667				0.10938	7.0	0.583	
3/4"	0.75	48.00	4.00000				0.125	8.0	0.667	
	0.76	48.64	4.05333				0.14063	9.0	0.750	
49/64"	0.765625	49.00	4.08333				0.15625	10.0	0.833	
	0.77	49.28	4.10667				0.17188	11.0	0.917	
	0.78	49.92	4.16000				0.1875	12.0	1.000	
25/32"	0.78125	50.00	4.16667				0.20313	13.0	1.083	
	0.79	50.56	4.21333				0.21875	14.0	1.167	
51/64"	0.796875	51.00	4.25000				0.23438	15.0	1.250	
	0.8	51.20	4.26667				0.25	16.0	1.333	
	0.81	51.84	4.32000				0.26563	17.0	1.417	
13/16"	0.8125	52.00	4.33333				0.28125	18.0	1.500	
	0.82	52.48	4.37333				0.29688	19.0	1.583	
53/64"	0.828125	53.00	4.41667				0.3125	20.0	1.667	
	0.83	53.12	4.42667				0.32813	21.0	1.750	
	0.84	53.76	4.48000				0.34375	22.0	1.833	
27/32"	0.84375	54.00	4.50000				0.35938	23.0	1.917	
	0.85	54.40	4.53333				0.375	24.0	2.000	
55/64"	0.859375	55.00	4.58333				0.39063	25.0	2.083	
	0.86	55.04	4.58667				0.40625	26.0	2.167	
	0.87	55.68	4.64000				0.42188	27.0	2.250	
7/8"	0.875	56.00	4.66667				0.4375	28.0	2.333	
	0.88	56.32	4.69333				0.45313	29.0	2.417	
	0.89	56.96	4.74667				0.46875	30.0	2.500	
57/64"	0.890625	57.00	4.75000				0.48438	31.0	2.583	
	0.9	57.60	4.80000				0.5	32.0	2.667	
29/32"	0.90625	58.00	4.83333				0.51563	33.0	2.750	
	0.91	58.24	4.85333				0.53125	34.0	2.833	
	0.92	58.88	4.90667				0.54688	35.0	2.917	
59/64"	0.921875	59.00	4.91667				0.5625	36.0	3.000	
	0.93	59.52	4.96000				0.57813	37.0	3.083	
15/16"	0.9375	60.00	5.00000				0.59375	38.0	3.167	
	0.94	60.16	5.01333				0.60938	39.0	3.250	
	0.95	60.80	5.06667				0.625	40.0	3.333	
61/64"	0.953125	61.00	5.08333				0.64063	41.0	3.417	
	0.96	61.44	5.12000				0.65625	42.0	3.500	
31/32"	0.96875	62.00	5.16667				0.67188	43.0	3.583	
	0.97	62.08	5.17333				0.6875	44.0	3.667	
	0.98	62.72	5.22667				0.70313	45.0	3.750	
63/64"	0.984375	63.00	5.25000				0.71875	46.0	3.833	
	0.99	63.36	5.28000				0.73438	47.0	3.917	
1"	1	64.00	5.33333				0.75	48.0	4.000	
	1.125	72.00	6.00000				0.76563	49.0	4.083	
1 1/4"	1.25	80.00	6.66667				0.78125	50.0	4.167	
	1.375	88.00	7.33333				0.79688	51.0	4.250	
1 1/2"	1.5	96.00	8.00000				0.8125	52.0	4.333	
	1.625	104.00	8.66667				0.82813	53.0	4.417	
1 3/4"	1.75	112.00	9.33333				0.84375	54.0	4.500	
	1.875	120.00	10.00000				0.85938	55.0	4.583	
2"	2	128.00	10.66667				0.875	56.0	4.667	
	2.25	144.00	12.00000				0.89063	57.0	4.750	
2 1/2"	2.5	160.00	13.33333				0.90625	58.0	4.833	
	2.75	176.00	14.66667				0.92188	59.0	4.917	
3"	3	192.00	16.00000				0.9375	60.0	5.000	
4"	4	256.00	21.33333				0.95313	61.0	5.083	
5"	5	320.00	26.66667				0.96875	62.0	5.167	
6"	6	384.00	32.00000				0.98438	63.0	5.250	
