Decimal Conversions    S scale													
Decimal	Scale		Decimal	Scale		Decimal	Scale	Scale		Decimal	Scale	Scale	
Measure	Inches		Measure	Inches		Measure	Inches	Feet		Measure	Inches	Feet	
0.001	0.06		0.051	3.26		0.110	7.04	0.59		0.610	39.04	3.25	
0.002	0.13		0.052	3.33		0.120	7.68	0.64		0.620	39.68	3.31	
0.003	0.19		0.053	3.39		0.130	8.32	0.69		0.630	40.32	3.36	
0.004	0.26		0.054	3.46		0.140	8.96	0.75		0.640	40.96	3.41	
0.005	0.32		0.055	3.52		0.150	9.60	0.80		0.650	41.60	3.47	
0.006	0.38		0.056	3.58		0.160	10.24	0.85		0.660	42.24	3.52	
0.007	0.45		0.057	3.65		0.170	10.88	0.91		0.670	42.88	3.57	
0.008	0.51		0.058	3.71		0.180	11.52	0.96		0.680	43.52	3.63	
0.009	0.58		0.059	3.78		0.190	12.16	1.01		0.690	44.16	3.68	
0.010	0.64		0.060	3.84		0.200	12.80	1.07		0.700	44.80	3.73	
0.011	0.70		0.061	3.90		0.210	13.44	1.12		0.710	45.44	3.79	
0.012	0.77		0.062	3.97		0.220	14.08	1.17		0.720	46.08	3.84	
0.013	0.83		0.063	4.03		0.230	14.72	1.23		0.730	46.72	3.89	
0.014	0.90		0.064	4.10		0.240	15.36	1.28		0.740	47.36	3.95	
0.015	0.96		0.065	4.16		0.250	16.00	1.33		0.750	48.00	4.00	
0.016	1.02		0.066	4.22		0.260	16.64	1.39		0.760	48.64	4.05	
0.017	1.09		0.067	4.29		0.270	17.28	1.44		0.770	49.28	4.11	
0.018	1.15		0.068	4.35		0.280	17.92	1.49		0.780	49.92	4.16	
0.019	1.22		0.069	4.42		0.290	18.56	1.55		0.790	50.56	4.21	
0.020	1.28		0.070	4.48		0.300	19.20	1.60		0.800	51.20	4.27	
0.021	1.34		0.071	4.54		0.310	19.84	1.65		0.810	51.84	4.32	
0.022	1.41		0.072	4.61		0.320	20.48	1.71		0.820	52.48	4.37	
0.023	1.47		0.073	4.67		0.330	21.12	1.76		0.830	53.12	4.43	
0.024	1.54		0.074	4.74		0.340	21.76	1.81		0.840	53.76	4.48	
0.025	1.60		0.075	4.80		0.350	22.40	1.87		0.850	54.40	4.53	
0.026	1.66		0.076	4.86		0.360	23.04	1.92		0.860	55.04	4.59	
0.027	1.73		0.077	4.93		0.370	23.68	1.97		0.870	55.68	4.64	
0.028	1.79		0.078	4.99		0.380	24.32	2.03		0.880	56.32	4.69	
0.029	1.86		0.079	5.06		0.390	24.96	2.08		0.890	56.96	4.75	
0.030	1.92		0.080	5.12		0.400	25.60	2.13		0.900	57.60	4.80	
0.031	1.98		0.081	5.18		0.410	26.24	2.19		0.910	58.24	4.85	
0.032	2.05		0.082	5.25		0.420	26.88	2.24		0.920	58.88	4.91	
0.033	2.11		0.083	5.31		0.430	27.52	2.29		0.930	59.52	4.96	
0.034	2.18		0.084	5.38		0.440	28.16	2.35		0.940	60.16	5.01	
0.035	2.24		0.085	5.44		0.450	28.80	2.40		0.950	60.80	5.07	
0.036	2.30		0.086	5.50		0.460	29.44	2.45		0.960	61.44	5.12	
0.037	2.37		0.087	5.57		0.470	30.08	2.51		0.970	62.08	5.17	
0.038	2.43		0.088	5.63		0.480	30.72	2.56		0.980	62.72	5.23	
0.039	2.50		0.089	5.70		0.490	31.36	2.61		0.990	63.36	5.28	
0.040	2.56		0.090	5.76		0.500	32.00	2.67		1.000	64.00	5.33	
0.041	2.62		0.091	5.82		0.510	32.64	2.72		2.000	128.00	10.67	
0.042	2.69		0.092	5.89		0.520	33.28	2.77		3.000	192.00	16.00	
0.043	2.75		0.093	5.95		0.530	33.92	2.83		4.000	256.00	21.33	
0.044	2.82		0.094	6.02		0.540	34.56	2.88		5.000	320.00	26.67	
0.045	2.88		0.095	6.08		0.550	35.20	2.93		6.000	384.00	32.00	
0.046	2.94		0.096	6.14		0.560	35.84	2.99		7.000	448.00	37.33	
0.047	3.01		0.097	6.21		0.570	36.48	3.04		8.000	512.00	42.67	
0.048	3.07		0.098	6.27		0.580	37.12	3.09		9.000	576.00	48.00	
0.049	3.14		0.099	6.34		0.590	37.76	3.15		10.000	640.00	53.33	
0.050	3.20		0.100	6.40		0.600	38.40	3.20		12.000	768.00	64.00	