inches	dec. inches	Z scale inches	Z scale feet	wire gage		inches	dec. inches	Z scale inches	Z scale feet	wire gage
	0.00050	0.1	0.009				0.32000	70.4	5.867	
	0.00200	0.4	0.037			21/64"	0.32813	72.2	6.016	0 ga
	0.00400	0.9	0.073				0.33000	72.6	6.050	
	0.00500	1.1	0.092	36 ga			0.34000	74.8	6.233	
	0.00625	1.4	0.115	34 ga		11/32"	0.34375	75.6	6.302	00 ga
	0.00750	1.7	0.138	33 ga			0.35000	77.0	6.417	
	0.00900	2.0	0.165	31 ga		23/64"	0.35938	79.1	6.589	
	0.01000	2.2	0.183	30 ga			0.36000	79.2	6.600	
	0.01250	2.8	0.229	28 ga			0.37000	81.4	6.783	
	0.01500	3.3	0.275	27 ga		3/8"	0.37500	82.5	6.875	000 ga
1/64"	0.01563	3.4	0.286	26 ga			0.38000	83.6	6.967	
	0.02000	4.4	0.367	24 ga			0.39000	85.8	7.150	
	0.02500	5.5	0.458	22 ga		25/64"	0.39063	85.9	7.161	
	0.03000	6.6	0.550	21 ga			0.40000	88.0	7.333	
1/32"	0.03125	6.9	0.573	20 ga		13/32"	0.40625	89.4	7.448	0000 ga
	0.03500	7.7	0.642	19 ga			0.41000	90.2	7.517	
	0.03750	8.3	0.688	19 ga			0.42000	92.4	7.700	
	0.04000	8.8	0.733	18 ga		27/64"	0.42188	92.8	7.734	
3/64"	0.04688	10.3	0.859	17 ga			0.43000	94.6	7.883	
	0.05000	11.0	0.917	16 ga		7/16"	0.43750	96.3	8.021	00000 ga
	0.06000	13.2	1.100	15 ga			0.44000	96.8	8.067	
1/16"	0.06250	13.8	1.146	14 ga			0.45000	99.0	8.250	
	0.07000	15.4	1.283	13 ga		29/64"	0.45313	99.7	8.307	
5/64"	0.07813	17.2	1.432				0.46000	101.2	8.433	
	0.08000	17.6	1.467	12 ga		15/32"	0.46875	103.1	8.594	000000 ga
	0.09000	19.8	1.650	11 ga			0.47000	103.4	8.617	
3/32"	0.09375	20.6	1.719				0.48000	105.6	8.800	
	0.10000	22.0	1.833	10 ga		31/64"	0.48438	106.6	8.880	
7/64"	0.10938	24.1	2.005				0.49000	107.8	8.983	
	0.11000	24.2	2.017	9 ga		1/2"	0.50000	110.0	9.167	0000000 ga
	0.12000	26.4	2.200				0.51000	112.2	9.350	
1/8"	0.12500	27.5	2.292	8 ga		33/64"	0.51563	113.4	9.453	
	0.13000	28.6	2.383				0.52000	114.4	9.533	
	0.14000	30.8	2.567				0.53000	116.6	9.717	
9/64"	0.14063	30.9	2.578	7 ga		17/32"	0.53125	116.9	9.740	
	0.15000	33.0	2.750				0.54000	118.8	9.900	
5/32"	0.15625	34.4	2.865			35/64"	0.54688	120.3	10.026	
	0.16000	35.2	2.933	6 ga			0.55000	121.0	10.083	
	0.17000	37.4	3.117				0.56000	123.2	10.267	
11/64"	0.17188	37.8	3.151			9/16"	0.56250	123.8	10.313	
	0.18000	39.6	3.300	5 ga			0.57000	125.4	10.450	
3/16"	0.18750	41.3	3.438			37/64"	0.57813	127.2	10.599	
	0.19000	41.8	3.483				0.58000	127.6	10.633	
	0.20000	44.0	3.667				0.59000	129.8	10.817	
13/64"	0.20313	44.7	3.724	4 ga		19/32"	0.59375	130.6	10.885	
	0.21000	46.2	3.850				0.60000	132.0	11.000	
7/32"	0.21875	48.1	4.010			39/64"	0.60938	134.1	11.172	
	0.22000	48.4	4.033	3 ga			0.61000	134.2	11.183	
	0.23000	50.6	4.217				0.62000	136.4	11.367	
15/64"	0.23438	51.6	4.297			5/8"	0.62500	137.5	11.458	
	0.24000	52.8	4.400				0.63000	138.6	11.550	
1/4"	0.25000	55.0	4.583	2 ga			0.64000	140.8	11.733	
	0.26000	57.2	4.767			41/64"	0.64063	140.9	11.745	
17/64"	0.26563	58.4	4.870				0.65000	143.0	11.917	
	0.27000	59.4	4.950			21/32"	0.65625	144.4	12.031	
	0.28000	61.6	5.133				0.66000	145.2	12.100	
9/32"	0.28125	61.9	5.156	1 ga			0.67000	147.4	12.283	
	0.29000	63.8	5.317			43/64"	0.67188	147.8	12.318	
19/64"	0.29688	65.3	5.443				0.68000	149.6	12.467	
	0.30000	66.0	5.500			11/16"	0.68750	151.3	12.604	
	0.31000	68.2	5.683				0.69000	151.8	12.650	
5/16"	0.31250	68.8	5.729				0.70000	154.0	12.833	
										
										
45/64"	0.70313	154.7	12.891				0.00455	1.0	0.083	
	0.70000	154.0	12.833				0.00909	2.0	0.167	
	0.71000	156.2	13.017				0.01364	3.0	0.250	
23/32"	0.71875	158.1	13.177				0.01818	4.0	0.333	
	0.72000	158.4	13.200				0.02273	5.0	0.417	
	0.73000	160.6	13.383				0.02727	6.0	0.500	
47/64"	0.73438	161.6	13.464				0.03182	7.0	0.583	
	0.74000	162.8	13.567				0.03636	8.0	0.667	
3/4"	0.75000	165.0	13.750				0.04091	9.0	0.750	
	0.76000	167.2	13.933				0.04545	10.0	0.833	
49/64"	0.76563	168.4	14.036				0.05000	11.0	0.917	
	0.77000	169.4	14.117				0.05455	12.0	1.000	
	0.78000	171.6	14.300				0.05909	13.0	1.083	
25/32"	0.78125	171.9	14.323				0.06364	14.0	1.167	
	0.79000	173.8	14.483				0.06818	15.0	1.250	
51/64"	0.79688	175.3	14.609				0.07273	16.0	1.333	
	0.80000	176.0	14.667				0.07727	17.0	1.417	
	0.81000	178.2	14.850				0.08182	18.0	1.500	
13/16"	0.81250	178.8	14.896				0.08636	19.0	1.583	
	0.82000	180.4	15.033				0.09091	20.0	1.667	
53/64"	0.82813	182.2	15.182				0.09545	21.0	1.750	
	0.83000	182.6	15.217				0.10000	22.0	1.833	
	0.84000	184.8	15.400				0.10455	23.0	1.917	
27/32"	0.84375	185.6	15.469				0.10909	24.0	2.000	
	0.85000	187.0	15.583				0.11364	25.0	2.083	
55/64"	0.85938	189.1	15.755				0.11818	26.0	2.167	
	0.86000	189.2	15.767				0.12273	27.0	2.250	
	0.87000	191.4	15.950				0.12727	28.0	2.333	
7/8"	0.87500	192.5	16.042				0.13182	29.0	2.417	
	0.88000	193.6	16.133				0.13636	30.0	2.500	
	0.89000	195.8	16.317				0.14091	31.0	2.583	
57/64"	0.89063	195.9	16.328				0.14545	32.0	2.667	
	0.90000	198.0	16.500				0.15000	33.0	2.750	
29/32"	0.90625	199.4	16.615				0.15455	34.0	2.833	
	0.91000	200.2	16.683				0.15909	35.0	2.917	
	0.92000	202.4	16.867				0.16364	36.0	3.000	
59/64"	0.92188	202.8	16.901				0.16818	37.0	3.083	
	0.93000	204.6	17.050				0.17273	38.0	3.167	
15/16"	0.93750	206.3	17.188				0.17727	39.0	3.250	
	0.94000	206.8	17.233				0.18182	40.0	3.333	
	0.95000	209.0	17.417				0.18636	41.0	3.417	
61/64"	0.95313	209.7	17.474				0.19091	42.0	3.500	
	0.96000	211.2	17.600				0.19545	43.0	3.583	
31/32"	0.96875	213.1	17.760				0.20000	44.0	3.667	
	0.97000	213.4	17.783				0.20455	45.0	3.750	
	0.98000	215.6	17.967				0.20909	46.0	3.833	
63/64"	0.98438	216.6	18.047				0.21364	47.0	3.917	
	0.99000	217.8	18.150				0.21818	48.0	4.000	
1"	1.00000	220.0	18.333				0.22273	49.0	4.083	
	1.12500	247.5	20.625				0.22727	50.0	4.167	
1 1/4"	1.25000	275.0	22.917				0.23182	51.0	4.250	
	1.37500	302.5	25.208				0.23636	52.0	4.333	
1 1/2"	1.50000	330.0	27.500				0.24091	53.0	4.417	
	1.62500	357.5	29.792				0.24545	54.0	4.500	
1 3/4"	1.75000	385.0	32.083				0.25000	55.0	4.583	
	1.87500	412.5	34.375				0.25455	56.0	4.667	
2"	2.00000	440.0	36.667				0.25909	57.0	4.750	
	2.25000	495.0	41.250				0.26364	58.0	4.833	
2 1/2"	2.50000	550.0	45.833				0.26818	59.0	4.917	
	2.75000	605.0	50.417				0.27273	60.0	5.000	
3"	3.00000	660.0	55.000				0.27727	61.0	5.083	
4"	4.00000	880.0	73.333				0.28182	62.0	5.167	
5"	5.00000	1100.0	91.667				0.28636	63.0	5.250	
6"	6.00000	1320.0	110.000				0.29091	64.0	5.333	